FID	X	Y	ID	Sample_num	Elevation	Longitude	Latitude	Rock_Type	Soil_Colou	Other_deta	pH	LOI	Li	Be	V	Cr	Co	Ni	Cu	Ga	As_	Se	Rb	Sr	Y_1	Zr	Nb	Mo	Ag	Cd	Sn	Sb	Cs	Ba	La	Ce	Pr	Nd	Sm	Eu	Tb	Gd	Dy	Ho	Er	Tm	Yb	Lu	Hf	Ta	W	Tl	Bi	Th	U	Na	Mg	Al	P	K	Ca	Ti	Mn	Fe	Zn	Pb	Elevation	slope	Apspect
0	9.72396	5.90761	1	1	818	9.72396	5.90761	granitic	Dark brown	Gentle slope	3.95	12.22	33.8	1.74	103	83	15.7	38.2	40.3	30.2	3.76	1.22	115	102	10.9	124	23.3	1.78	0.13	0.113	7.9	0.55	6.81	614	34.1	90.2	6.98	24.3	4.62	0.958	0.469	3.3	2.62	0.44	1.29	0.17	1.07	0.172	3.61	1.41	1.13	0.63	0.36	16.9	3.13	3535	7435	121091	953	19297	3654	6377	967	48968	121	44	771	23.92372513	47.97373199
1	9.75984	5.90129	2	2	1004	9.75984	5.90129	Granitic	Dark-brown	"Collected at the slope of a hill, palm plantation.Sample collected 700m due to inaccessibility"	3.94	12.91	34.2	1.29	97	47	10.6	23.4	18.2	37.8	3.02	1.25	125	120	14.6	139	24.5	1.93	0.06	0.054	7.3	0.23	6.33	850	70.5	159	14.9	49.7	8.95	1.72	0.794	5.83	4.19	0.697	1.95	0.253	1.73	0.253	4.22	1.57	1.05	0.6	0.42	31.6	4.9	1510	5580	156998	808	27834	787	6067	432	48680	80	45	1057	37.65343094	207.6459808
2	9.79832	5.90917	3	3	944	9.79832	5.90917	Granitic	Reddish brown	"Collected near a farmland (cassava, palms, cocoyams). Collected 300m from the central point."	3.87	10.4	18.3	0.99	131	81	7.83	39.4	29.6	41	6.29	1.46	99	57	9.19	218	37.1	3.77	0.12	0.058	6	0.39	6.15	251	57.2	165	10	30.2	4.97	1.06	0.416	3.07	2.31	0.403	1.28	0.175	1.24	0.206	6.44	2.62	1.58	0.49	0.33	55.2	8.19	572	2542	155111	769	11048	128	7357	277	62181	86	56	942	11.49405956	199.8851624
3	9.84038	5.90794	4	4	560	9.84038	5.90794	Granitic	Reddish brown	"slope, palm plantation"	3.87	8.98	31.3	1.91	84	43	7.07	18.3	14.4	52	2.68	1.58	157	88	9.75	224	25.2	3.12	0.06	0.059	6.9	0.36	8.65	515	58.6	244	10.7	32.4	5.44	1.09	0.43	3.17	2.34	0.409	1.35	0.197	1.39	0.239	6.9	2.04	0.97	0.9	0.26	87.7	12.3	865	2859	179111	464	23690	207	4526	147	44819	65	76	1635	20.22473526	239.4702911
4	9.87918	5.90794	5	5	1582	9.87918	5.90794	Granitic	Dark	"Gentle slope, grazing land"	4.09	26.09	30.6	1.45	85	43	6.54	21.2	26.7	39.7	2.93	1.3	119	114	10.7	196	26.3	2.65	0.08	0.083	7	0.6	6.69	602	66.8	201	13.2	41.8	6.89	1.34	0.514	4.02	2.68	0.468	1.29	0.172	1.15	0.183	5.66	2.1	1.07	0.59	0.23	62.5	8.51	1497	2528	134175	1356	19440	860	5520	492	42344	76	64	1467	23.46161461	96.45881653
5	9.918	5.90793	6	6	1581	9.918	5.90793	"Granitic, basaltic"	Dark-brown	"Slope of a hill, Thick grass cover"	4.6	18.37	9.6	2.16	363	405	49.9	229	56.9	29.6	2.35	0.9	18	186	53.9	339	103	2.64	0.07	0.112	4.2	0.29	1.42	385	95.5	201	24.4	91.6	18.4	6.28	2.06	15.4	11.4	1.99	5.75	0.665	4.13	0.622	8.24	6.13	1.38	0.17	0.11	18.6	3.54	250	6114	117526	2573	2396	1553	32058	1379	148933	113	18	1152	17.43162155	211.218399
6	9.95423	5.90566	7	7	1307	9.95423	5.90566	granitic	"GRANITIC OUTCROP, ON HILL TOP SURROUNDED BY THICK FOREST"	 	4.53	18.81	25.4	1.1	101	45	11.7	29.5	27	37.7	2.25	1.16	136	130	11.7	179	30.3	3.33	0.05	0.044	5.2	0.27	7.31	750	86.5	237	16	48.1	7.41	1.53	0.58	4.55	3.06	0.505	1.53	0.21	1.43	0.213	5.09	3.12	1.01	0.66	0.28	62.7	11.2	1136	5596	171743	1327	31150	996	6655	351	47010	72	71	1578	4.017453194	100.0079803
7	9.99555	5.90761	8	8	1580	9.99555	5.90761	granitic	"GRANITIC OUTCROP, FINE TO MEDIUM GRAINED DARK SOIL"	 	4.03	12.69	16.9	2.12	71	25	8.79	17.2	24.9	35.3	1.7	0.92	81	50	9.27	70	16	1.98	0.03	0.037	5.4	0.32	4.68	454	54.5	171	11.5	38.8	6.78	1.62	0.508	3.99	2.77	0.439	1.33	0.174	1.25	0.187	2.27	1.12	0.94	0.51	0.24	22.7	4.35	765	2162	158660	509	20946	266	4830	123	44172	54	60	1306	14.41962528	274.5377808
8	10.03442	5.9079	9	9	1323	10.03442	5.9079	Granitic	dark brown	grass field	4.34	26.82	7.4	1.19	199	148	6.83	35.7	28.9	36.1	3.5	1.35	10	99	23.8	577	124	4.18	0.09	0.097	5.2	0.38	1.27	200	114	260	26.8	93.4	16.9	4.15	1.47	11.2	7.63	1.16	3.2	0.389	2.57	0.377	13.3	7.29	1.9	0.12	0.22	20.8	4.25	259	1397	135162	1750	1505	574	17509	466	109574	49	25	1328	8.563798904	128.4180603
9	10.07327	5.90793	10	10	1233	10.07327	5.90793	Granitic	Black	"Slopy terrane, Forest land"	4.16	11.38	38.3	1.43	87	53	11.8	23.9	22.7	37.3	1.74	0.97	126	74	15.5	106	23.1	1.55	0.05	0.024	6.7	0.14	8.77	726	50.2	153	12.6	44.4	8.46	1.84	0.741	5.72	4.05	0.701	1.99	0.268	1.77	0.264	3.23	1.48	2.4	0.83	0.64	35.6	4.82	1345	4479	157459	414	26751	297	5241	205	49229	65	45	1418	16.18612289	354.3693237
10	10.11208	5.90792	11	11	1266	10.11208	5.90792	Granitic	Dark-brown	"Farmland (Maize and cassava cultivated), gentle slope"	4.06	7.04	66.4	2.71	20	11	5.11	6.2	23.7	46.5	1.06	0.56	274	66	27.3	217	43.4	1.08	0.08	0.049	14	0.25	9.63	951	119	250	24.9	88.7	15.9	2.17	1.4	10.9	7.03	1.09	2.73	0.365	2.23	0.301	6.86	4.36	2.33	1.8	0.3	51	8.76	1887	1689	171366	311	45070	203	2647	132	28746	83	73	1275	20.85725403	353.254425
11	10.15087	5.90793	12	12	1494	10.15087	5.90793	Rhyolites	Dark	"Abandoned farmland, very gentle slope"	4.32	18.29	11	3.61	48	25	7.84	16.5	13.8	50.7	4.4	0.99	16	38	95	1106	251	9.8	0.23	0.165	9.9	0.47	1.36	153	181	648	46.5	172	32.1	4.42	3.55	24.6	20.9	3.77	11	1.51	9.96	1.48	27.3	14.3	3.27	0.28	0.12	40.3	6.27	477	1478	149539	1008	2049	775	7048	696	70475	113	38	1491	6.564416885	278.1300964
12	10.18971	5.90793	13	13	18971	10.18971	5.90793	No observable outcrop	Dark-brown	"Farm land, slope"	4.45	23.79	15	1.5	97	73	8.73	35.4	22.6	44.9	4.86	1.91	40	37	51.5	812	176	7.45	0.19	0.134	7.4	0.47	3.22	199	28.8	306	7.21	29.6	9.12	2.74	1.64	9.59	10.9	2.06	6.14	0.85	5.61	0.82	18.3	10.6	2.65	0.32	0.22	25.5	5.62	812	2648	115782	1431	4765	1215	8612	1086	99514	116	28	2027	20.72627258	269.3839417
13	10.22856	5.90791	14	14	2199	10.22856	5.90791	volcanic breccia	Dark-grey	"abandoned farmland, slope, close to a forest"	4.23	30.43	7.7	0.94	198	352	19.3	104	40.7	29.6	2.49	1.03	12	26	10.8	346	95.5	2.32	0.07	0.091	3.4	0.31	1.27	176	24.3	122	6.01	23.1	4.83	1.39	0.526	3.57	3	0.515	1.49	0.19	1.3	0.186	8.59	5.41	0.93	0.12	0.11	11.7	2.55	344	2093	118782	2171	1710	975	25693	956	147065	78	13	2057	15.48999023	40.23635864
14	10.26768	5.91063	15	15	2010	10.26768	5.91063	volcanic breccia	Greyish	"slope, Farmland (green spices, potatoes), farmers apply fertilizer"	4.5	21.93	12.9	4.79	60	46	6.84	23.9	21.4	42.9	4.29	1.69	51	32	71.3	932	208	3.74	0.18	0.261	9	0.43	2.6	205	119	400	27	97.1	18.1	3.28	2.35	15.2	15.2	2.8	8.52	1.13	7.49	1.13	22.4	12.2	1.57	0.35	0.15	29.1	5.64	959	2516	116215	1397	5245	2034	6835	1231	75482	135	26	1991	5.310663223	203.1985931
15	9.7384	5.94586	16	16	1048	9.7384	5.94586	Granitic	Redish brown	"Farm land (cassava cultivated), at a slope"	4.13	14.33	18.4	1.38	131	70	9.68	29	37.8	38.6	2.6	1.35	74	63	6.74	121	25.7	2.3	0.07	0.058	7.3	0.2	6.57	433	40.2	112	8.19	27.1	4.7	0.866	0.348	2.75	1.87	0.298	0.87	0.121	0.858	0.129	3.56	1.42	0.96	0.48	0.42	29	3.2	637	4167	157603	745	13064	1493	7180	216	63010	71	42	558	19.45875549	97.94347382
16	9.76401	5.94609	17	17	713	9.76401	5.94609	Granitic	Dark	"Palm plantation, collected at the foot of a gentle slope. Sample collected 144m from central point"	4.23	15.78	14.4	0.95	108	63	6.28	25.3	23.2	30.9	2.39	1.01	117	97	9.84	212	50.9	15.1	0.06	0.08	8.7	0.25	4.72	535	45	104	8.28	26.6	4.51	0.792	0.4	2.78	2.35	0.439	1.39	0.218	1.64	0.222	5.95	4.57	1.53	0.57	0.53	33.4	5.68	1320	2984	123070	1012	26755	1441	9283	433	53166	64	43	732	14.1088295	330.9454041
17	9.80266	5.94704	18	18	1140	9.80266	5.94704	Granitic	Dark-brown	"Hill slope, farmland (cocoyams, palm fruits, okra, maize)"	4	11.93	27.8	1.56	152	127	15.1	59.7	46.1	34.8	2.19	0.99	105	49	14.5	123	24.6	4.4	0.05	0.043	4.3	0.29	7.79	493	58.8	162	13.6	50.5	9.54	1.6	0.804	6.53	4.02	0.603	1.59	0.202	1.33	0.198	3.64	1.61	2.6	0.61	0.22	36.7	4.84	596	8597	148587	587	18361	421	7622	535	69116	91	50	1139	16.42925644	140.5993347
18	9.84031	5.94603	19	19	1451	9.84031	5.94603	Granitic	Dark	"Abandoned farmland with thick bahama grass, hill slope; closest to the top. Collected above a landslide scar"	4.51	18.1	32.2	3.08	50	25	5.26	15.4	26.7	51.9	3.55	0.72	115	77	8.97	190	24.4	1.67	0.07	0.066	7.3	0.2	5.76	309	63.5	225	11.9	36.7	6.37	1.15	0.47	3.73	2.35	0.386	1.15	0.15	1.06	0.17	6.14	2.08	1.3	0.59	0.42	92.9	11	600	1700	181920	1102	13812	545	3528	305	28536	66	100	1432	30.63663101	167.300415
19	9.8784	5.94467	20	20	1709	9.8784	5.94467	Granitic	Dark	"Slope of a hill; near the summit, grazing land, collected near a landslide scar"	4.41	25.24	45.6	1.88	55	21	5.64	16.7	14.7	43.2	1.15	0.87	143	129	9	162	17.6	2.46	0.04	0.064	7.1	0.19	7.03	567	130	324	23.5	66.9	9.42	1.72	0.542	4.53	2.6	0.41	1.16	0.143	0.948	0.156	4.71	1.42	1.5	0.68	0.22	72.2	12.6	826	2507	161268	1232	19118	1868	3650	514	26603	73	78	1707	31.81698608	196.771225
20	9.91768	5.94584	21	21	1342	9.91768	5.94584	Granitic	Dark-brown	"Slope of a hill, Forested area"	3.94	10.71	26.8	1.42	61	24	7.74	18.7	26.5	36.4	2.49	0.65	198	97	18.3	160	27.2	1.92	0.38	0.097	7.8	0.43	9.85	741	57.8	155	13.8	48.4	9.37	1.77	0.778	5.9	4.34	0.779	2.51	0.35	2.59	0.398	5.21	2.6	1.73	1.06	0.91	78.8	14.1	2558	2981	139277	401	37648	1410	4049	187	30646	93	56	1346	16.29537582	98.80679321
21	9.95684	5.94577	22	22	1488	9.95684	5.94577	Granitic	Dark-brown	"Forest vegetation, farmland (cocoyam), swampy area"	4.31	19.51	16.7	1.28	112	60	8.58	28.7	14.3	36.7	2.76	1.11	46	72	21.8	190	51.5	4.47	0.06	0.079	9.3	0.21	5.13	234	86.9	203	21.1	73.4	14.9	2.72	1.54	10.9	8.23	1.26	3.26	0.383	2.29	0.29	5.4	4.05	3.24	0.34	0.31	63.9	9.7	431	1926	142199	1071	7247	547	7905	370	49628	51	53	1499	5.391352177	352.5686035
22	9.9956	5.94508	23	23	1349	9.9956	5.94508	granitic	dark brown	 	3.97	16.52	48.2	2.12	106	52	17	26.4	20.7	33.9	1.31	0.7	141	102	40.3	76	27.3	1.78	0.04	0.025	6	0.12	8.85	817	92.3	202	22.6	79.7	14.9	3.23	1.5	11	8.88	1.6	5.15	0.698	4.82	0.75	2.43	2.06	0.71	0.84	0.22	45.6	4.65	1643	7920	145500	773	26607	1486	6364	478	52553	79	46	1355	12.13353062	60.52410889
23	10.03443	5.94583	24	24	1323	10.03443	5.94583	granitic	Greyish	 	4.17	25.16	5.6	0.99	354	416	15.8	88.5	37.6	32.8	2.35	1.08	8	240	38.8	501	126	4.02	0.09	0.122	4.6	0.32	0.88	384	121	249	30.3	113	21.6	6.68	2.25	17.1	11.9	1.87	4.88	0.537	3.28	0.497	11.5	7.52	1.83	0.13	0.13	17.6	3.62	202	1883	129061	2416	1163	379	31469	654	151275	77	17	1324	4.12387228	196.3895416
24	10.07334	5.9459	25	25	1282	10.07334	5.9459	granitic	Dark-brown	 	3.97	12.27	13.4	1.9	70	34	6.19	18.8	27.8	37.6	0.94	0.58	43	30	8.1	164	23	1.64	0.04	0.025	5.4	0.09	2.6	158	51.3	283	10.4	33.4	5.79	1.15	0.448	3.55	2.42	0.406	1.15	0.156	1.09	0.17	4.71	1.37	1.58	0.36	1.05	43.2	6.8	354	1186	174352	597	6586	395	5012	171	45021	50	68	1283	14.81570625	89.11859894
25	10.11208	5.94583	26	26	1242	10.11208	5.94583	No observable outcrop	Dark	"Slope, Cassava farm, no exposed outcrop, gravelly top soil"	4.35	20.75	25.2	0.98	149	66	14.8	36.8	47.5	33.5	1.88	1.01	39	34	21.9	98	26.4	2.01	0.06	0.07	6.8	0.21	3.71	240	55.5	143	13.8	49.6	9.88	2.54	0.985	7.26	5.77	1.01	3.02	0.389	2.64	0.393	2.98	1.64	2.59	0.29	0.34	13.5	3.2	319	2543	143265	1323	5888	815	7804	474	72309	62	32	1239	4.12387228	16.38953972
26	10.15078	5.9458	27	27	1272	10.15078	5.9458	"granitic, rhyolites"	Reddish brown	"Farmland (cocoyams, sugar cane, plantains and other fruits, sound in settlement area. N/B; found on a foundation, with rhyolitic materials overlying the country rock, granitic"	5.2	14.21	26.2	2.45	105	67	10.7	40.2	26.7	58	5.95	1.02	39	39	120	1450	343	5.98	0.34	0.244	19.3	0.8	4.12	203	97.6	434	28.6	107	26.5	2.17	3.94	23.7	25.7	4.8	15	1.98	12.9	1.861	38.8	21.3	4.96	0.39	0.31	60	10.5	608	2241	141887	1413	4354	3541	9146	402	74778	182	74	1262	6.316008568	287.1027222
27	10.1897	5.94584	28	28	1543	10.1897	5.94584	Basaltic	Reddish brown	"Slope, Abandoned maize farm"	3.97	9.93	5.8	7.63	484	12	62.2	25.7	25.5	30.5	3.91	0.47	12	96	51.4	426	87.8	3.89	0.07	0.082	3.6	0.16	1.65	484	74.5	155	20.6	80.5	16.3	6.82	1.9	14.6	10.9	1.92	5.73	0.665	4.1	0.675	9.78	5.41	1.25	0.2	0.04	8.28	1.57	146	3666	120632	2178	1302	573	53810	1693	153892	119	7	1549	15.82064056	327.9074097
28	10.22619	5.94895	29	29	180	10.22619	5.94895	granitic	DARK SOIL MEDIUM TO FINE GRAINS	 	4.71	11.68	13.4	1.45	85	61	13.5	39.9	38.2	39.3	3.76	1.07	62	37	61.4	1011	207	7.09	0.18	0.185	8	0.43	3.04	308	86.1	323	18	64.1	13.3	3.83	2.01	12.7	12.9	2.42	7.33	0.954	6.3	0.983	21.2	11.8	2.5	0.34	0.19	24.4	4.83	3795	2084	107549	1963	7931	1687	9238	3660	93680	219	25	1824	10.88592529	6.072455883
29	10.26743	5.94579	30	30	1888	10.26743	5.94579	granitic	Redish brown	"Farm land,  with gentle slope"	4.35	19.52	13.3	2.15	275	206	41	103	59.4	39.9	5.78	1.3	29	49	54.9	694	160	5.4	0.18	0.181	6.4	0.45	3.43	303	102	331	23.2	84.2	17	4.79	1.95	14	11.6	2.09	6.18	0.761	4.93	0.746	15.7	9.38	2.51	0.35	0.22	24.4	5.14	843	2845	146326	2597	3421	601	23638	2358	154677	134	24	1888	11.74713326	300.5792236
30	9.71913	5.97674	31	31	896	9.71913	5.97674	Granitic	Dark brown	"Farm land, slope"	4.35	13.05	16.3	0.93	92	59	9.94	26.3	26.9	30.6	1.96	0.89	152	101	7.81	150	24	1.97	0.07	0.097	4.8	0.19	7.68	768	36	116	7.04	23.8	4.14	0.829	0.339	2.69	1.87	0.303	0.92	0.124	0.87	0.127	4.4	1.4	0.94	0.67	0.21	27.1	3.59	1597	5188	133053	877	31174	1868	6825	742	45916	94	46	936	32.65382004	220.3645325
31	9.76243	5.98338	32	32	1120	9.76243	5.98338	Granitic	Dark	"Farmland, sample collected 42m from central point"	4.43	17.06	25.2	1.17	89	43	10.4	20	28	35	1.66	0.83	117	83	9.65	88	17.1	1.54	0.04	0.076	7.4	0.14	5.98	667	53.5	166	11.4	40.6	7.25	1.3	0.5	4.21	2.62	0.419	1.12	0.154	0.99	0.142	2.61	0.99	0.91	0.61	0.4	26.6	2.82	1080	5837	137845	1523	23789	2422	4981	533	47415	99	46	1095	23.15849495	34.14358521
32	9.80167	5.98371	33	33	1374	9.80167	5.98371	Granitic	Reddish brown	"Steep slope, Forest vegetation, found close to road cut"	3.81	11.59	17.4	1.56	118	56	11.1	35.9	26.8	44.3	3.71	1.08	98	117	19.9	98	27.7	2.16	0.04	0.029	7.9	0.48	4.21	617	149	368	32	107	17.7	2.7	1.38	10.4	7.23	1.11	2.97	0.381	2.5	0.341	2.9	1.89	2.01	0.51	0.35	30.2	4.95	707	2628	160887	938	21766	215	5695	303	59513	101	47	1363	26.69164848	320.2538147
33	9.84039	5.98376	34	34	1234	9.84039	5.98376	Granitic	Dark	"Steep slope, farmland (beans and maize)"	4.35	15.38	38.7	1.98	123	42	16	26.5	34	37.6	2.03	1.03	138	191	23.6	183	25.8	2.9	0.07	0.063	7.1	0.3	10.3	1029	145	383	31.1	110	18.7	3.55	1.25	10.4	6.24	0.998	2.71	0.352	2.36	0.339	5.19	2.14	6.35	0.71	0.57	56.4	9.61	1153	6112	146227	1264	24123	1022	7135	553	51420	103	47	1236	28.45928764	138.6522217
34	9.87911	5.98371	35	35	1650	9.87911	5.98371	Granitic	Dark-brown	"hill Slope, farmland (beans, corn, cocoyams)"	4.22	14.48	28.6	1.28	171	87	20.9	47.4	59	31.8	3.61	1.26	114	98	17.3	135	32.1	3.82	0.11	0.066	5.3	0.36	10.9	685	55.9	148	12	43.6	8.03	1.66	0.765	5.53	4.22	0.721	2.04	0.286	1.89	0.25	4.02	2.35	2.21	0.68	0.49	28.5	6.25	1012	5295	130390	1465	17998	1520	9368	1747	67306	111	37	1661	15.30015564	329.6208801
35	9.91825	5.9837	36	36	1611	9.91825	5.9837	Granitic	Dark-brown	Slope of a hill; close to the summit	4	9.9	20.9	2.59	94	41	10.8	21.3	21.3	43.4	1.43	0.9	169	164	20.2	171	32.3	3.05	0.06	0.05	8.6	0.17	8.26	873	106	278	23.6	87.1	15.4	2.73	1.07	8.7	5.52	0.944	2.54	0.364	2.55	0.363	5.01	2.76	2.26	0.97	0.51	64.8	16.5	1049	2867	158939	778	29344	357	7316	182	45828	68	71	1620	12.97848701	222.1375885
36	9.9569	5.98358	37	37	1361	9.9569	5.98358	Granitic	Dark	"slope of a hill, plantation (Plantain)"	4.06	16.61	22.2	1.15	86	44	13.8	28.1	19.8	35.5	2.08	1.05	141	54	18.4	150	30.1	3.86	0.05	0.072	5.7	0.17	7.81	407	57.1	185	12.6	46.6	9.03	1.5	0.818	5.9	4.68	0.832	2.32	0.335	2.4	0.333	4.86	2.56	1.07	0.74	0.28	67.5	10.3	945	3021	143052	994	23245	847	5141	676	46400	63	52	1366	15.82180119	285.8323975
37	9.99534	5.98405	38	38	1252	9.99534	5.98405	Granitic	Dark	"Farmland (cassava, cocoyams, corn, beans)"	4.05	8.41	41.7	3.86	115	55	16.9	27.9	42.8	38.8	1.15	0.57	215	131	40.1	140	37.2	2.29	0.06	0.081	7.8	0.17	13.8	972	94.1	222	21.5	80.8	14.9	2.81	1.49	10.9	8.72	1.57	4.4	0.632	4.29	0.607	4.67	3.18	3.2	1.23	0.5	64.6	9.78	2061	5990	154378	994	36429	1805	7134	530	50672	96	54	1253	1.188638091	168.6900635
38	10.07325	5.98373	39	40	1248	10.07325	5.98373	Granitic	Dark-brown	"Grazing land, gentle slope, topsoil is sandy"	3.91	7.76	39.8	2.21	26	19	5.26	10	20	39	0.79	0.41	294	64	15.8	146	33.6	1.8	0.04	0.042	11.2	0.06	10.9	456	57.9	157	13.9	53	10.6	1.24	0.858	6.62	4.23	0.667	1.69	0.242	1.65	0.23	5.48	3.64	1.05	1.66	0.62	46.7	9.19	1752	1202	144511	358	53495	382	2349	147	23357	51	77	1239	11.65579796	112.0112839
39	10.1121	5.98372	40	41	1223	10.1121	5.98372	laterite	Dark-brown	"Gentle slope, farmland closed to settlement (palms, plantains, cocoyams)"	4.73	12.18	26.3	1.48	75	80	7.3	35.8	25.8	36.9	1.91	0.64	90	68	13.4	140	29.3	2.12	0.05	0.082	9.8	0.15	6.52	333	73.1	180	14.7	52.3	9.62	1.48	0.777	6.11	4	0.607	1.57	0.221	1.43	0.189	4.34	2.49	0.99	0.54	0.89	27.4	8.02	645	1509	153436	932	15012	2074	5025	226	42515	71	55	1226	10.24276352	82.23483276
40	10.1897	5.98372	42	43	1249	10.1897	5.98372	granitic	Dark-brown	 	4.58	19.73	16.2	1.14	206	155	20.1	117	53.6	38.8	4.31	1.55	30	31	31.3	535	134	3.96	0.14	0.124	6.9	0.38	3.47	174	81.3	328	18.7	70.5	13.6	3.09	1.36	9.61	7.74	1.39	3.9	0.532	3.46	0.508	13.1	8.02	2.43	0.29	0.25	25.6	5.3	415	1602	142123	1739	3085	1068	17526	1212	92051	83	32	1246	5.391771793	277.4313965
41	10.22863	5.9839	43	44	1311	10.22863	5.9839	granitic	Dark-brown	"Steep slope, forest vegetation"	4.32	16.35	44.1	2.09	122	104	26.9	60.5	30.4	32.9	0.81	0.56	108	162	47.7	186	32.4	2.04	0.08	0.066	5.1	0.12	5.56	1090	148	235	33.2	128	22.1	4.05	1.95	15.9	10.5	1.8	4.62	0.596	3.67	0.51	4.77	2.01	14.5	0.68	0.43	21.8	4.65	1841	7928	134773	1162	18135	2602	9595	582	71647	85	36	1299	11.07516003	290.6954346
42	10.2628	5.98726	44	45	1554	10.2628	5.98726	granitic	Dark	"Hill, Grassland"	5.51	9.93	21.3	2.8	35	27	6.65	17.5	36.8	41.8	2.31	0.75	74	61	96	1173	190	1.73	0.24	0.607	12.1	0.22	2.04	229	143	465	27.3	102	19.8	1.19	3.16	19.3	20.1	3.76	10.3	1.46	9.45	1.253	27.7	11.8	1.56	0.58	0.18	34.2	4.65	4258	2147	101831	1749	8416	4437	3935	1818	47091	221	54	1561	8.497140884	299.3577576
43	9.72392	6.02162	45	46	1796	9.72392	6.02162	Granitic	Dark-brown	"Hill slope, grazing land"	4.31	20.74	19.3	1.38	138	72	6.04	27.4	28.9	45.5	4.11	1.35	83	105	10.7	312	47.9	5.47	0.07	0.083	10.5	0.3	5.25	447	97.8	240	16.8	52.1	7.81	1.46	0.558	4.33	2.9	0.479	1.33	0.194	1.28	0.194	8.63	3.76	11.6	0.4	0.41	63.3	11.3	619	2385	164324	2117	11943	1252	9899	481	61198	72	60	1039	6.057465076	122.4711914
44	9.7627	6.02142	46	47	1746	9.7627	6.02142	Granitic	Dark-grey	"Slope of a hill, grazing land"	3.82	15.85	21.7	1.04	118	43	7.07	25	30	44.4	2.29	1.26	84	165	15.6	286	35.5	4.18	0.06	0.049	10.3	0.3	6.06	593	175	387	35.2	121	18.6	3.4	1.15	9.89	5.52	0.762	1.91	0.235	1.53	0.204	7.84	3.24	1.87	0.49	0.41	62.1	10.5	602	2975	164482	1405	12832	521	8525	220	50642	75	64	791	23.13759041	160.5296936
45	9.80156	6.02161	47	48	1662	9.80156	6.02161	Granitic	Dark-brown	"gentle slope, forest vegetation with thin undergrowth"	4.01	18.96	27.2	1.65	149	45	13.1	27.7	51.3	37.8	2.41	1.09	83	104	14.7	161	27	5.9	0.04	0.046	6.3	0.34	7.69	456	88.4	236	17.6	61	10.6	2	0.782	6.14	4.09	0.673	1.8	0.255	1.69	0.241	4.85	2.16	12.6	0.5	1.04	52.9	12.6	643	3826	160129	1342	14078	436	7337	391	61225	69	58	925	3.754250765	299.744873
46	9.84021	6.0216	48	49	1660	9.84021	6.0216	Granitic	Dark	"Slope of a hill, Forest/grazing land"	4.04	20.65	12.4	1.36	198	66	8.47	28.5	26.1	38.7	3.73	1.5	48	68	11.6	174	34.2	6.88	0.04	0.047	6.7	0.39	4.27	259	76.3	211	14.9	48.7	7.96	1.6	0.644	4.89	3.51	0.58	1.61	0.218	1.5	0.207	5.14	2.67	5.97	0.32	1.22	49.8	10.5	420	1985	163050	1433	7556	509	9047	234	80184	47	56	1244	25.66295242	358.0585022
47	9.88	6.02196	49	50	1774	9.88	6.02196	Granitic	Dark-grey	"slope of a hill, Farmland (yams)"	3.81	19.11	20.7	2.15	139	61	4.88	22	19.4	53.9	3.27	1.69	59	98	12.1	241	48.8	6.08	0.06	0.05	12.1	0.29	4.79	251	115	216	20.1	62.4	9.2	1.68	0.643	5.06	3.36	0.551	1.53	0.205	1.43	0.213	6.71	4.07	2.36	0.4	0.91	66.4	14.1	444	1853	172399	1237	7121	443	9630	234	61978	42	64	1776	9.347034454	261.4692383
48	9.91811	6.02189	50	51	1704	9.91811	6.02189	Granitic	Dark	"Gentle slope, grazing land"	4.33	16.22	40.6	1.13	93	34	23.1	20.7	24.8	35.6	1	0.7	195	86	26.4	147	34.3	2.55	0.05	0.052	6.7	0.09	14.6	592	85	152	18.1	65.4	11.8	2.04	1.09	8.04	6.16	1.09	3	0.438	2.81	0.412	4.74	3.24	1.13	1.25	0.28	55.6	12.5	1293	5886	137519	1184	30517	1125	5678	946	41941	97	51	1703	14.90144062	156.5713043
49	9.99956	6.02161	52	53	1247	9.99956	6.02161	Granitics	Dark	"Grassfield, Farmland (mixed,but mostly cocoyam)"	4.39	8.77	13	1.35	59	21	6.45	10.6	19.3	28.4	0.98	0.39	159	51	11.1	149	19.2	2.32	0.04	0.044	3.8	0.13	7.46	408	31	101	7.35	28.2	5.41	0.993	0.473	3.4	2.81	0.503	1.5	0.245	1.81	0.259	4.95	1.67	4.14	0.7	2.74	55.9	8.75	1093	1585	122764	576	32467	1209	3775	299	32427	43	45	1187	2.210875988	18.43494797
50	10.02494	6.01178	53	54	1144	10.02494	6.01178	Basaltic	Dark brown	"At a slope, Farm land (Cocoa planted), sample collected near swampy areas. Sample collected 1.56 km from to centre point due to inaccessibility"	4.85	16.99	12	2.32	199	31	38.2	33.9	29.8	29.4	2.2	0.87	17	132	49.1	765	154	4.22	0.16	0.122	5.8	0.36	1.94	213	120	315	29.3	103	19.2	5.22	2.04	15	11.4	2.03	6.22	0.753	4.82	0.748	15.7	8.96	1.89	0.26	0.13	20.3	4.38	330	1674	116810	1745	2084	2501	22190	1365	132451	85	19	1147	1.188705921	101.3099289
51	10.07327	6.02161	54	55	1294	10.07327	6.02161	Granite	Redish brown	Grazing land	4.33	11.94	15.3	1.68	49	27	8.28	16.6	12.9	38.7	0.95	0.56	119	52	21.7	319	48.2	4.34	0.07	0.045	5.4	0.12	6.2	517	113	341	23.6	75.7	13.5	1.97	1.14	8.5	6.34	1.05	3.19	0.389	2.62	0.412	7.55	2.36	0.88	0.7	0.58	46.8	7.83	1033	1476	146394	648	23845	484	5728	150	53758	55	57	1233	12.36078262	254.9315186
52	10.11205	6.02167	55	56	1284	10.11205	6.02167	Rhyolites	"Dark, gravelly soils"	"Farm land (cassava cultivated), at a slope"	4.52	19.07	9.3	2.22	116	51	7.28	24.6	16.2	32.9	2.76	1.07	12	318	71.3	825	149	6.32	0.13	0.109	6.7	0.35	1.47	497	172	403	43.6	158	32.5	7.62	3.65	27.3	20.2	3.2	8.55	0.904	5.23	0.716	16.8	8.51	2.1	0.14	0.21	22.3	5.16	211	1023	137759	2371	1553	1184	19016	359	85323	51	23	1283	6.598398209	50.71059418
53	10.1509	6.02164	56	57	1216	10.1509	6.02164	 	Dark brown	"Cassava farm, weed control, grass field"	4.07	14.42	23.9	1.78	115	159	5.13	55.8	34.8	35.6	2.13	0.81	46	18	8.84	152	35.3	3.04	0.04	0.026	15.4	0.19	4.24	66	44.3	124	9.59	30.1	5.75	1.09	0.49	3.73	2.68	0.422	1.22	0.15	1.04	0.177	4.29	3.15	1.63	0.35	0.94	20.1	6.04	222	1117	131643	639	4649	265	5081	159	57617	30	55	1266	7.081857681	211.6074982
54	10.18974	6.02158	57	58	1271	10.18974	6.02158	Gravelly	Dark	"Grazing land, found on a slope"	4.09	19.43	12	0.83	128	105	10.2	50.5	47.3	31.3	1.24	0.71	37	38	13	190	33	2.71	0.05	0.041	7	0.12	3.14	176	96.3	235	19.7	62.6	10.6	2.07	0.8	6.37	4.13	0.655	1.84	0.217	1.48	0.23	4.6	2.27	1.44	0.26	0.46	29.7	6.11	271	1386	127740	1126	5495	532	8493	297	67262	47	43	1267	13.02627277	309.2893982
55	10.22896	6.02241	58	59	1270	10.22896	6.02241	 	Dark brown	"Farm land. Cultivated crops are; cassava, plantains. No visible outcrops"	5.01	18.57	19.1	1.91	242	169	33.6	105	63.2	34.5	3.67	1.19	32	43	33.9	403	89.5	3.07	0.17	0.119	6.1	0.33	3.14	187	77.8	253	17.2	67	13.3	2.75	1.39	9.21	7.95	1.54	4.2	0.573	3.34	0.493	10.6	5.84	1.79	0.4	0.23	20.6	4.6	299	2152	135950	1818	2748	1627	19106	1460	111336	89	24	1256	2.717085123	300.9637451
56	10.2669	6.02146	59	60	1450	10.2669	6.02146	granitic	Greyish	"hill of a slope, forested area"	4.17	18.53	9.2	1.31	319	376	33.9	197	49.7	34.2	2.39	0.94	6	82	19.8	448	111	3.76	0.11	0.078	4	0.27	0.82	128	84.3	203	19.7	76.9	14.5	3.86	1.2	8.53	6.05	1.08	2.67	0.334	1.94	0.283	11.1	6.72	1.32	0.13	0.1	14.2	3.15	201	3020	153076	1389	933	122	28154	1097	168587	96	13	1437	18.71223831	35.21759415
57	9.72391	6.05952	60	61	1213	9.72391	6.05952	Granitic	Dark	"Hill slope, forest vegetation"	4.02	20.25	24.6	1.62	130	45	9.91	22	34.9	33.7	1.96	1.3	68	73	15.1	139	38.9	2.94	0.07	0.065	7	0.25	5.26	355	68.1	154	15.9	58.9	10.7	2.04	0.836	5.86	4.42	0.797	2.1	0.292	1.84	0.275	4.09	3.13	2.15	0.52	0.52	35.2	6.93	695	3092	149134	1236	11001	939	8472	447	64075	72	42	1542	39.3841095	189.4156342
58	9.76275	6.05953	61	62	945	9.76275	6.05953	Granitic	Dark-brown	"slope of a hill; close to the base, forest vegetation"	3.96	16.01	29.1	1.95	153	46	13.2	24.1	48.8	32.8	1.4	1.22	76	93	20	154	45.7	2.07	0.06	0.055	9.1	0.21	5.32	455	87.5	207	21.3	82.4	15.5	2.91	1.19	8.62	6.11	1.08	2.84	0.395	2.47	0.377	4.71	3.99	1.12	0.65	0.36	42.5	7.62	693	3302	152451	1087	13256	745	10331	337	68865	79	45	960	6.317476749	233.9726257
59	9.83878	6.05997	63	64	1439	9.83878	6.05997	Granitic	Dark-brown	"Hill slope; close to the top, grazing land, taking 100m from central point"	4.7	24.37	28.2	1.23	123	56	9.38	27.7	18.8	38	3.19	1.47	72	146	10.9	151	26.8	3.84	0.06	0.081	6.9	0.44	5.55	601	71.6	223	14.9	52.5	8.74	1.6	0.595	4.41	3.01	0.549	1.4	0.191	1.17	0.183	4.47	2.14	3.79	0.45	0.45	44.3	9	924	3760	152640	1118	14907	2339	6981	324	54265	63	46	1439	27.90861321	115.9743958
60	9.87988	6.06098	64	65	1634	9.87988	6.06098	Granitic	Dark	"Foot of a hill, grazing land"	4.37	18.57	66	2.36	117	61	25.5	40.9	45.3	32.2	0.94	0.84	149	100	51.3	109	27.8	1.83	0.08	0.064	7.3	0.13	7.9	790	141	295	31.4	118	22.1	4.06	2.16	14.6	12.3	2.38	6.46	0.88	5.08	0.714	3.31	1.65	1.15	0.96	0.32	47.9	5.34	1313	7628	145573	1674	21675	1449	7006	1460	58866	120	39	1626	17.80587196	188.74617
61	9.91738	6.05895	65	66	1770	9.91738	6.05895	Granitic	Greyish	"Slope of a hill, Grazing land"	4.04	13.66	68.4	2.37	81	45	11.1	27.6	19.3	42.8	1.4	0.8	197	98	19.9	192	26.5	1.88	0.06	0.027	7.8	0.17	10.6	624	107	170	24.6	90.7	15.9	2.72	1.07	8.52	5.6	0.953	2.59	0.343	2.13	0.334	6.04	2.19	1.62	1.28	0.63	52.9	12	1588	5360	159445	812	30205	527	5388	260	39164	69	69	1759	23.77414513	73.90918732
62	9.95683	6.0595	66	67	1696	9.95683	6.0595	Granitic	Greyish	"Slope, grazing land"	4.07	17.3	29.9	1.87	88	42	10.1	28.1	19.6	37.7	1.45	0.84	130	84	17.3	168	36.9	3.89	0.07	0.041	7	0.15	8.67	461	87.9	225	17.6	61	10.5	1.73	0.809	5.65	4.44	0.82	2.33	0.335	2.26	0.363	5.37	3.83	7.46	0.86	0.86	76.4	18.3	986	3667	156446	820	24027	466	5823	234	42613	56	59	1697	22.10713959	37.67359161
63	9.99561	6.05951	67	68	1289	9.99561	6.05951	granitic	Dark	"gentle slope, abandoned farmland, shrubs"	4.54	12.02	49.3	1.85	70	35	11.5	20.9	29	31.6	1	0.64	212	223	23.3	171	28.4	2.16	0.07	0.052	6.2	0.12	9.27	1322	114	240	23.4	84.7	13.8	2.49	0.995	7.56	5.2	0.934	2.62	0.342	2.19	0.336	4.67	2.55	4.14	1.13	0.27	64.6	10.3	2628	4588	136683	952	44369	1103	6308	639	34459	70	53	1287	18.25656509	128.9909973
64	10.03442	6.05936	68	69	1127	10.03442	6.05936	No observable outcrop	Dark	"Grassland, very close to a maize farm, no outcrop exposure"	4.61	22.89	16.7	1.05	140	91	8.03	42.6	24.4	45.1	4.87	1.07	20	43	37.7	893	165	6.21	0.22	0.16	9	0.46	3.32	105	60.6	400	14.4	55.6	11.4	1.73	1.29	7.63	8.09	1.74	5.23	0.753	4.82	0.739	21.3	9.84	2.86	0.23	0.37	38.7	7.21	256	1322	156784	1062	2392	1196	11205	516	81233	53	38	1121	5.617001057	65.55604553
65	10.07377	6.05834	69	70	1208	10.07377	6.05834	granitic	Dark	"Hill slope, abandoned farmland"	4.28	12.64	43.1	1.8	61	41	11	22	10.2	31.4	1.29	0.6	138	90	18	197	31.9	2.69	0.08	0.072	5.2	0.18	7.82	823	77.6	179	15.6	55.4	9.39	1.69	0.818	5.74	4.49	0.8	2.2	0.296	1.87	0.273	5.63	2.55	1.24	0.89	0.25	33.2	9.8	1425	2335	133298	731	29603	826	6328	520	35735	54	52	1226	5.923752785	48.17982864
66	10.15091	6.05951	70	72	1211	10.15091	6.05951	Granites	Dark	"Found  on a slope, Farm land (Cassava cultivated)"	4.11	8.56	36.9	2.13	101	91	13.8	42.8	33.1	32.1	0.77	0.57	84	72	23.1	99	15.1	1.39	0.04	0.023	6	0.07	4.78	740	58.6	133	13.8	52.7	9.81	2.31	0.9	6.38	5.16	1.03	2.78	0.378	2.36	0.386	2.94	1.07	0.54	0.66	0.22	14.8	3.64	764	3217	150736	455	21272	258	5272	186	51593	52	38	1202	7.223852634	95.52754211
67	10.1899	6.0586	71	73	1127	10.1899	6.0586	Granites	Reddish brown	Farmland (Cocoyams/ cassava)	4.23	10.51	108	3.66	84	90	14.3	51.8	21.5	36.9	1.94	0.84	190	57	20.1	104	33.5	1.77	0.12	0.033	14.2	0.14	12.2	460	52.4	133	12.7	48.8	9.12	1.82	0.891	6.04	4.91	0.926	2.39	0.328	1.99	0.289	3.19	3.59	1.25	1.36	1.23	14.9	9.62	956	4082	142421	599	22605	579	5316	404	44165	67	38	1135	5.588246346	343.0724792
68	10.2297	6.06029	72	74	1204	10.2297	6.06029	Volcanic bombs	Dark	"Farmland, Cassava cultivated"	4.1	9.05	34.7	2.42	164	100	18.2	56.8	89	28.3	1.19	0.67	29	28	38.4	99	28.2	2.11	0.05	0.028	6.1	0.11	4.53	139	63.9	142	17.5	70.7	14.4	3.27	1.53	10.3	8.84	1.76	5.06	0.68	4.18	0.672	2.84	2.09	1.24	0.42	0.46	14.2	3.01	154	2356	131763	716	3607	4	9842	501	80572	66	26	1195	5.739868164	31.75947952
69	10.26733	6.05903	73	75	1480	10.26733	6.05903	granitic and shale	 	 	5.04	18.28	22.4	1.14	57	43	7.69	26.1	28	33.1	2.78	1	60	34	19	153	86.3	3.9	0.09	0.14	5.4	0.28	2.78	125	58.8	348	14.9	56.1	10.7	0.78	0.939	6.31	4.98	0.923	2.5	0.335	1.88	0.253	4.21	5.17	1.66	0.48	0.13	20.8	2.82	431	2264	114033	765	5860	3090	4025	730	40015	114	32	1405	13.90067101	135
70	9.76275	6.09739	74	76	1456	9.76275	6.09739	Granitic	Dark-brown	"Gentle slope, forest reserve, collected closed to grazing land"	4.12	24.22	19.9	1.47	114	46	7.17	20.4	18.1	35.5	2.72	1.16	59	59	10.1	152	35.9	3.5	0.06	0.08	5.9	0.24	5.14	280	51	110	10.6	36.7	6.53	1.24	0.523	3.51	2.9	0.552	1.48	0.211	1.32	0.196	4.42	2.55	3.44	0.39	0.82	30.2	6.92	643	2934	154139	1391	9040	1329	7314	548	61645	65	39	1649	17.45449829	201.2505035
71	9.80152	6.09739	75	77	1379	9.80152	6.09739	Granitic	Dark-brown	"Gentle slope, abandoned farmland (banana), palms"	4.25	17.6	43.2	2.09	127	55	18.3	32.5	29.7	35.4	2.1	1.09	111	73	21.3	107	27.2	2.63	0.08	0.088	4.8	0.17	7.85	571	62.2	180	14.6	56.3	10.6	2.26	1.01	7.05	5.66	1.01	2.79	0.377	2.46	0.342	3.15	1.81	1.19	0.73	0.29	29.1	4.94	914	5452	165979	1789	17122	1081	8095	1245	64779	105	42	1375	13.22127628	104.0362473
72	9.83905	6.09674	76	78	1499	9.83905	6.09674	Granitic	Dark	"Slope of a hill, grazing land, taken 121m from central point"	4.22	18.8	26.2	1.2	139	55	9.16	24.8	21.7	47.1	3.31	1.02	87	179	14.6	195	31.9	4.02	0.06	0.061	8.9	0.39	5.93	784	110	316	23	82.7	13	2.35	0.822	6.5	3.96	0.664	1.71	0.232	1.47	0.213	5.55	2.52	3.23	0.52	0.37	51.5	9.52	1007	3310	181930	1122	19989	488	8435	247	58245	60	53	1529	30.3186779	253.835495
73	9.87917	6.0974	77	79	1776	9.87917	6.0974	Granitic	Dark-grey	"Top of a hill, Grazing land"	4.35	16.98	53	1.89	84	31	11.4	18.3	25.3	36.1	1.55	0.78	154	101	28.3	123	32.3	2.6	0.05	0.034	6.2	0.16	10.2	590	87.4	186	19.1	69.5	12.8	2.14	1.22	8.31	6.86	1.21	3.46	0.51	3.29	0.465	3.86	3.1	0.95	0.82	0.29	55.4	9.23	1160	4936	164869	1021	26584	943	6504	447	42546	69	46	1795	25.29313087	222.2073059
74	9.91818	6.09741	79	80	1858	9.91818	6.09741	Granitic	Dark	"Hill slope; close to the top, forest vegetation"	4.34	27.11	44.4	1.99	94	40	11.1	24.7	20.8	34	2.04	0.91	129	108	19.9	121	24.2	2.4	0.05	0.071	5.9	0.18	12.4	588	63.1	122	13.5	49.2	8.74	1.66	0.805	5.73	4.47	0.793	2.19	0.3	2.11	0.299	3.73	2.7	2.06	0.77	0.58	37.4	12	1058	4714	137328	1434	22301	2168	5119	688	43245	65	48	1869	11.70687008	225
75	9.9568	6.09726	80	81	1869	9.9568	6.09726	Granitic	Dark	"Hill slope, grazing land"	4.1	31.17	10.6	1.48	296	78	30.7	82	49.8	27.1	2.42	1.27	16	57	37.7	394	81.5	3.45	0.11	0.092	3.5	0.24	1.68	121	77.2	154	19.1	76.4	14.8	3.95	1.6	11.4	9.04	1.62	4.34	0.563	3.37	0.466	8.76	5.07	0.84	0.24	0.1	11	3	387	3560	109467	2657	2540	928	28536	1513	116655	106	13	1664	16.37174416	227.2457428
76	9.99638	6.09756	81	82	1327	9.99638	6.09756	Granitic	Dark-brown	"Grassland, perhaps partially grazed"	4.5	21.04	48	3.25	61	21	12	13.3	28.5	31.5	0.9	0.5	203	100	29.7	134	24.4	2.75	0.06	0.077	6.4	0.13	13.9	581	81.9	183	17.8	65.5	12.2	2	1.11	7.94	6.28	1.11	3.08	0.442	2.76	0.376	3.91	2.4	2.57	1.13	0.6	63.6	18.4	2645	4242	122041	1114	28785	3050	4672	893	32692	80	42	1328	6.275472641	272.1210938
77	10.03371	6.09667	82	83	1158	10.03371	6.09667	Granitic	Dark-brown	"Gentle slope, grazing land"	3.97	11.98	10.6	1.64	71	45	3.23	11	11.2	32.4	1.25	0.62	82	133	7.81	56	13.9	2.12	0.04	0.037	4	0.08	4.01	351	39.9	119	7.12	24.5	4.07	0.826	0.345	2.52	1.88	0.34	0.92	0.12	0.783	0.116	1.57	0.781	1.12	0.44	0.31	23.7	4.24	226	1860	150587	713	7906	382	3795	115	23072	22	35	1147	5.20015192	26.56505013
78	10.07368	6.0972	83	84	1242	10.07368	6.0972	Granitic	Dark	"Steep slope, forest vegetation,"	4.82	15.39	48.1	3.37	34	20	7.53	11.2	13.5	39.6	1.13	0.62	179	99	17.9	237	29.4	2.26	0.07	0.073	10.3	0.11	11.8	598	87.2	203	17.5	61.9	10.9	1.54	0.929	6.7	4.68	0.772	1.99	0.267	1.75	0.249	7.01	2.78	1.08	1.08	0.23	43.3	10.7	1527	2252	163130	592	34456	2401	3202	299	28979	55	70	1235	26.26349258	298.0446777
79	10.11208	6.09742	84	85	1144	10.11208	6.09742	Granitic	Reddish brown	"Point is closed to settlement area, mixed farming (Sugar cane, ginger, cassava, cocoyams)"	4.78	6.59	40.8	3.09	68	20	18.7	15.5	27.3	32.1	0.58	0.45	141	153	32.2	220	37.8	2.3	0.06	0.037	5.1	0.07	9.41	1096	127	222	26.5	97.6	15.6	3.36	1.37	10.3	6.7	1.13	2.83	0.348	2.06	0.286	5.24	2.72	1.18	1.04	0.35	21.8	5.85	860	5351	138284	943	24028	1322	13056	591	74714	104	39	1150	4.005567551	234.4623261
80	10.15088	6.09739	85	86	1010	10.15088	6.09739	Granitic	Dark-brown	"Hill slope, farmland (Ginger and palms cultivated)"	4.04	9.72	14.7	2.44	121	57	14.5	28.8	32.3	32.9	0.75	0.57	138	203	19.6	121	22.7	2.18	0.05	0.035	6.8	0.07	3.21	1473	70.3	177	13.4	47.7	8.08	1.66	0.753	5.3	4	0.736	1.97	0.269	1.72	0.253	3.27	1.61	0.97	0.86	0.31	27.2	3.76	1405	3657	150256	591	41612	1113	7688	258	51176	66	40	1009	4.019032955	169.9920197
81	10.18804	6.09884	86	87	1022	10.18804	6.09884	Granitic	Dark	"Hill slope, grazed land (partially)"	4.02	11.92	19.1	2.74	76	24	9.72	13.8	12.4	29.8	0.92	0.65	114	104	12.3	72	13.4	0.89	0.04	0.031	4.6	0.1	3.29	1119	39.5	116	7.81	28.8	4.93	1.28	0.51	3.45	2.78	0.51	1.34	0.184	1.14	0.164	2.07	0.803	1.16	0.67	0.28	14.1	2.21	946	3468	150615	554	28524	578	5042	328	41517	64	36	1021	15.0065136	30.06858253
82	10.22848	6.09783	87	88	1098	10.22848	6.09783	No observable outcrop	Dark	"Slope of a hill, grazing land"	4.11	12.44	43.8	1.97	128	78	15.4	44.4	38.8	35.7	1.67	1.03	64	70	16.3	101	24.8	2.06	0.06	0.032	7	0.13	5.38	539	56.4	179	13.1	50.4	9.44	2.09	0.794	5.81	4.28	0.734	1.93	0.266	1.67	0.257	2.83	2	0.8	0.61	0.21	18.4	2.96	412	3993	161205	634	12430	292	8608	273	67704	72	40	1123	9.068943977	19.35899353
83	10.26378	6.09936	88	89	1599	10.26378	6.09936	granitic	Dark-brown	 	4.3	14.36	13.2	1.77	167	226	14	96.5	22.6	42.8	8.94	1.96	18	44	20.8	447	155	5.6	0.12	0.114	7	0.31	1.16	109	96.9	264	20.5	70.8	12.6	1.48	1.09	7.62	5.84	1	2.55	0.338	2.1	0.307	10.4	8.99	1.92	0.22	0.08	18.8	3.61	246	1777	135484	1260	2095	403	17454	466	108897	84	24	1597	5.740327835	21.37062263
84	9.79963	6.13544	89	90	1673	9.79963	6.13544	Granitic	Dark	"Steep slope, Grazing land. Sample taken 185m from the central point"	4.48	37.26	26.4	1.39	88	32	9.67	16	18.6	21.9	1.65	1.26	73	80	17.1	87	21.5	2.14	0.05	0.131	3.2	0.17	6.41	481	38.5	90	8.92	33.8	6.49	1.36	0.709	4.71	4.13	0.721	2.05	0.278	1.99	0.277	2.52	1.72	1.38	0.4	0.32	17.4	6.25	2782	4071	102670	1170	16963	2196	6669	617	41828	48	25	1622	32.41061401	40.84035873
85	9.84037	6.13525	90	91	1600	9.84037	6.13525	Granitic	Dark	"Steep slope, grazing land."	4.61	33.51	26.3	1.15	83	37	10	19.5	39.2	24.6	1.84	1.2	97	158	15.5	91	17.3	3.33	0.07	0.095	4.1	0.21	7.17	756	64.4	134	13.8	50.3	8.75	1.6	0.719	5.2	3.79	0.64	1.71	0.222	1.45	0.204	2.47	1.36	2.14	0.53	0.32	26.1	5.45	1935	4429	96577	1788	20002	3263	4661	991	35453	66	31	1615	37.33744431	244.3920746
86	9.87919	6.13529	91	92	1454	9.87919	6.13529	Granitic	Dark	"Valley, farmland (cassava)"	4.31	14.82	54.1	2.83	99	46	12.9	25	29.8	35.5	1.94	0.78	190	165	18.9	228	27.3	2.19	0.12	0.11	6.6	0.21	11	941	68.3	200	14.7	54.5	9.71	1.74	0.77	5.65	4.3	0.785	2.2	0.325	2.16	0.329	6.36	2.32	1.83	1.12	0.39	50	11.1	2550	5111	135332	1291	32122	1720	6208	754	44449	90	50	1461	7.865857124	315
87	9.91804	6.13529	92	93	1454	9.91804	6.13529	Granitic	Dark-brown	"Slope, grazing land"	4.14	16.9	60.6	2.07	44	29	6.65	16.1	20.4	39.2	1.46	0.69	263	66	10.8	165	16.9	3.21	0.09	0.05	5.1	0.12	12.1	540	49.7	172	9.24	30.9	5.17	0.986	0.449	3.09	2.53	0.441	1.3	0.196	1.3	0.206	4.72	1.33	1.28	1.46	0.19	97.9	9.94	1689	2089	148303	784	42164	1099	2632	395	28369	66	62	1523	15.30469894	120.3791275
88	9.95678	6.13508	93	94	1723	9.95678	6.13508	Granitic	Dark-grey	"Gentle slope, grazing land"	4.48	25.62	37.2	2.1	78	41	11.9	28.3	23.6	38.6	1.92	0.9	87	105	15.8	149	25.1	2.79	0.05	0.072	6.1	0.22	6.23	388	113	291	22.3	75.8	11.9	2.05	0.811	6.2	4.06	0.689	1.75	0.234	1.44	0.191	4.09	2.34	0.71	0.54	0.25	51.6	9.46	642	2966	161216	1331	12677	1779	5317	670	40006	67	80	1699	8.499682426	29.35775375
89	9.95678	6.13508	94	94	1723	9.95678	6.13508	granitic	Dark-grey	 	4.48	25.62	37.2	2.1	78	41	11.9	28.3	23.6	38.6	1.92	0.9	87	105	15.8	149	25.1	2.79	0.05	0.072	6.1	0.22	6.23	388	113	291	22.3	75.8	11.9	2.05	0.811	6.2	4.06	0.689	1.75	0.234	1.44	0.191	4.09	2.34	0.71	0.54	0.25	51.6	9.46	642	2966	161216	1331	12677	1779	5317	670	40006	67	80	1699	8.499682426	29.35775375
90	9.99563	6.13526	95	95	1556	9.99563	6.13526	Granitic	Dark	"Gentle slope, grazing land"	4.04	15.97	31.1	1.62	73	36	6.97	20.6	13.8	42.7	2.05	0.78	135	105	11.1	183	25	5.14	0.07	0.049	5.7	0.22	9.97	503	87.6	194	16.1	53.5	8.39	1.49	0.586	4.38	2.97	0.503	1.4	0.183	1.26	0.174	5.14	1.96	3.7	0.77	0.99	73.4	10.2	1077	2267	174656	771	23704	481	4849	189	40595	52	58	1554	9.046404839	184.3987122
91	10.03446	6.13529	96	96	1290	10.03446	6.13529	Massive basalts	Dark-brown	"Hill slope, abandoned farmland"	5.58	17.39	81	1.99	82	61	20.4	37.7	31.3	31.9	0.91	0.53	160	142	70	46	30.2	2.84	0.03	0.053	6.9	0.2	11.5	520	117	173	31.1	126	24.5	4.01	2.49	17.8	14.3	2.66	7.57	1.03	6.72	0.972	1.6	2.6	3.47	0.74	0.71	30.7	11.2	958	6656	145343	1001	23725	5353	5502	1071	41733	102	41	1288	7.932981491	173.2901611
92	10.0707	6.13394	97	97	1182	10.0707	6.13394	Granitic	Dark	"Grassfield with shrubs, steep slope"	4.69	17.23	33.9	1.74	63	32	13.2	21.5	23.4	34.9	1.4	0.94	149	107	17.8	232	37.4	2.88	0.07	0.061	4.3	0.11	6.32	699	89	227	18.1	64.2	11.2	1.85	0.973	7.24	4.95	0.817	2.14	0.272	1.64	0.243	6.14	1.99	0.9	0.76	0.21	33.7	6.5	2847	3941	138756	965	24670	2706	7118	506	50104	82	44	1186	19.75649452	38.5583992
93	10.11202	6.13503	98	98	697	10.11202	6.13503	Granitic	Dark-grey	"Slope of a hill; close to the base, farmland (Palms, cocoa)"	3.92	6.61	26.4	2.18	43	29	6.41	13	16.5	31.4	0.72	0.37	181	154	10.5	146	19	1.67	0.06	0.064	3.1	0.11	3.25	1559	84.2	157	14.4	48.5	6.83	1.77	0.484	3.8	2.45	0.4	1.06	0.142	0.89	0.13	3.28	1.17	0.68	1.02	0.11	30.8	3.77	9128	3078	119131	431	46228	2501	4969	370	36225	74	30	702	18.53927612	275.5722046
94	10.14976	6.13311	99	99	982	10.14976	6.13311	Gneiss	Dark	"Steep slope, forest vegetation, sample collected 288m from central point"	4	7.78	11.7	2.61	104	61	12.3	25.3	31.6	28	0.98	0.62	147	210	15.3	140	29.6	1.59	0.08	0.071	6.5	0.14	5.22	1389	46.5	108	8.85	32.2	5.86	1.32	0.626	4.16	3.43	0.63	1.72	0.237	1.49	0.205	3.65	1.86	1.19	0.87	0.2	18.3	3.6	1582	2787	126840	534	40360	881	9058	412	46286	62	42	981	19.29034805	351.3045044
95	10.18905	6.12703	100	100	932	10.18905	6.12703	Granitic	Greyish	"Hill slope, abandoned farmland, sample taken at buffer zone"	4.21	10.43	11.1	2.91	105	34	13.7	25.5	30.5	32.1	0.76	0.6	107	179	30.6	88	17.4	1.03	0.08	0.027	7.1	0.09	2.83	1050	94.6	229	19.8	73.2	13	2.44	1.25	9.02	7.06	1.3	3.49	0.447	2.58	0.359	2.55	0.843	1.08	0.73	0.23	22.5	1.94	1002	3142	147755	709	32083	1000	6910	321	56705	74	40	925	15.45204639	346.3730164
96	10.22853	6.13529	101	101	1170	10.22853	6.13529	Granitic	Red	"Settlement area, farmland (cassava, plume, plantain)"	4.9	9.05	20.2	1.91	137	123	15.3	58.4	29	35.1	1.27	0.68	49	72	20.2	105	19.5	2.13	0.05	0.055	4.6	0.1	2.28	506	71.3	163	15.3	57.8	9.84	2.29	0.835	6.18	4.41	0.835	2.19	0.287	1.73	0.238	2.94	1.33	0.85	0.37	0.21	14.2	3.5	343	3121	156051	1753	8353	2407	9202	531	74677	95	33	1167	11.75158596	30.57922554
97	9.80155	6.17301	102	103	1442	9.80155	6.17301	Granitic	Dark	"Hill slope, forest vegetation"	4	13.73	35.7	1.41	71	30	8.14	16.9	14.8	27.1	1.47	0.68	160	68	16.2	81	18.4	5.79	0.07	0.053	3.9	0.15	7.67	599	41.1	98.7	9.36	35.2	6.81	1.17	0.687	4.73	3.81	0.663	1.87	0.267	1.86	0.262	2.58	1.54	1.69	0.81	0.69	22.2	7.17	1820	2627	138919	499	31331	1084	3869	488	36196	48	30	1049	31.44817734	300.8329468
98	9.84248	6.17718	103	104	962	9.84248	6.17718	Ganitic	Dark	"Slope of a hill; close to the base, forest vegetation, taken 400m from central point due to inaccessibility"	4.14	10.12	30.7	2.29	59	26	6.8	14.2	19.7	26.3	1.16	0.62	193	77	16.6	89	17.8	5.61	0.06	0.054	3.8	0.13	7.33	718	51	118	11.7	43.3	8.06	1.25	0.785	5.5	4	0.669	1.84	0.262	1.81	0.265	3.07	1.44	1.52	0.95	0.63	27.4	6.97	2250	2220	133214	419	40282	1057	3397	423	30422	43	32	968	30.59988403	266.4482727
99	9.87908	6.17322	104	105	1427	9.87908	6.17322	Granitic	Dark-brown	Farmland (cocoyams)	4.32	18.87	81.6	2.16	149	56	24.2	33.6	29.7	32.2	2.64	1.17	112	124	34.8	88	17.5	2.6	0.05	0.093	4	0.39	12.4	786	107	217	25.7	98.9	18.2	3.63	1.52	11.1	8.28	1.51	4.33	0.618	3.82	0.566	2.64	1.2	7.27	0.79	0.87	33.9	7.31	1590	10871	149320	1325	20754	2574	6871	674	60232	90	36	1436	25.84709167	311.5935669
100	9.91801	6.17318	105	106	1643	9.91801	6.17318	Granitic	Dark	"Slope, grass field"	4.3	19.85	39.4	1.58	84	47	9.91	25.8	18.5	33.5	1.31	1	109	258	19.5	150	23.4	2.26	0.05	0.052	6.4	0.31	7.89	1124	138	314	28.8	105	16.7	3.09	1.05	8.64	5.09	0.821	2.16	0.277	1.74	0.238	4.02	1.94	2.81	0.64	0.46	48.6	7.9	1205	4434	137118	1040	23317	1269	5867	345	37372	79	48	1396	29.13689423	353.2901611
101	9.96183	6.17018	106	107	1511	9.96183	6.17018	Granitic	Dark	"Hill slope, grazed land, sample collected 600m away due to inaccessibility"	0	20.51	26.5	1.51	96	44	9.58	24.1	20.7	33	2.45	1.02	67	83	16.8	153	27.1	5.06	0.06	0.057	4.5	0.24	6.19	352	105	255	22.2	76.6	12.4	2.26	0.854	6.41	4.56	0.781	2.15	0.307	2	0.288	4.23	2.48	3.02	0.4	0.88	46.9	8.28	487	3168	155247	1351	10131	1368	5857	354	46674	63	52	1071	9.304807663	296.5650635
102	9.99686	6.17206	107	108	1564	9.99686	6.17206	Granitic	Dark-brown	"Slope of a hill, grazing land"	4.13	13.77	23.1	2.19	113	41	12.9	25.1	20.2	32.7	0.93	0.87	67	84	18.3	171	28.8	3.06	0.07	0.044	4.8	0.21	6.98	374	97.3	290	22.3	85.2	15.3	3	0.926	6.96	4.97	1.06	2.83	0.423	2.28	0.402	5.46	2.56	3.32	0.68	0.44	59.2	9.24	524	2904	160635	626	10980	234	6718	150	55741	63	58	1561	32.19587708	319.7201233
103	10.03031	6.17295	108	109	1322	10.03031	6.17295	No observable outcrop	Dark-brown	"New farmland, grassfield with shrubs, no visible outcrop"	4.23	16.82	21.1	1.66	127	64	11.4	43.2	27.4	33.3	-0.42	0.74	42	132	22.5	203	33.3	2.77	0.04	0.035	7.1	0.12	4.09	346	197	425	44.4	165	27.4	5.18	1.57	12.5	7.61	1.41	3.39	0.44	2.21	0.358	6.14	2.85	2.48	0.43	0.58	68.7	10.9	347	2872	154236	1402	5892	1098	10004	244	59083	65	57	1321	3.0381639	94.39870453
104	10.0733	6.1732	109	110	583	10.0733	6.1732	Granitic	Dark	"Farmland (Cassava, maize, palms), close to settlement"	4.6	6.64	19.3	3.02	95	44	21.1	22.1	21.4	22.5	0.14	0.48	193	164	19.7	77	29.7	1.21	0.06	0.116	4.3	0.11	5.89	1126	69.9	167	14.6	53.1	8.83	1.7	0.72	5.21	3.92	0.831	2.37	0.31	1.68	0.275	2.28	1.88	0.8	1.16	0.16	38.1	3.43	7963	5470	102093	711	35238	5138	7521	1514	46598	79	34	586	6.112171173	98.74616241
105	10.11206	6.17215	110	111	1018	10.11206	6.17215	Granitic	Dark	"hill of a slope, forested area"	5.38	8.57	10.7	2	64	47	15.4	22.1	24.3	17.9	0.51	0.41	159	184	11.1	126	40.4	1.66	0.06	0.09	2.6	0.2	3.06	1123	56.4	152	10.8	39	6.49	1.33	0.493	3.53	2.56	0.504	1.38	0.185	1.05	0.164	3.63	2.67	1.12	0.87	0.11	23.4	4.87	4811	2878	85823	813	39486	5606	8750	1134	30659	76	31	965	31.40853882	36.86989594
106	10.15053	6.18652	111	112	675	10.15053	6.18652	granitic	DARK BROWN FINE TO MEDIUM GRAIN SOIL	 	4.21	9.56	13.1	2.41	117	38	27.5	19.1	36.6	24.2	0.25	0.5	152	104	17.3	132	22.3	1.28	0.06	0.097	2	0.07	6.54	1758	56.8	109	12.7	49.5	8.61	4.41	0.728	5.26	3.94	0.8	2.13	0.283	1.57	0.265	3.76	1.44	0.45	0.88	0.12	12.3	6.28	855	4087	121846	1159	30335	2281	13433	1561	74063	80	25	1058	33.57852554	91.75698853
107	10.23054	6.17655	113	114	1002	10.23054	6.17655	granitic	Dark-brown	 	3.87	7.86	9.3	2.41	87	38	7.84	19.9	28.9	29.2	0.21	0.67	168	127	29.8	146	26.4	1.5	0.07	0.029	5.6	0.1	4.96	683	114	279	26	96.2	16.2	2.94	1.15	8.53	6.31	1.29	3.7	0.532	3.16	0.515	4.38	2.49	1.26	1.25	0.59	65.1	7.68	704	2475	135471	422	29301	308	5770	97	48105	52	41	987	8.111982346	358.3634338
108	10.26734	6.17318	114	115	665	10.26734	6.17318	granitic	Dark-brown	 	4.46	13.86	18.4	2	206	35	35.2	29.3	23.4	29.5	1.03	0.86	31	154	62.5	585	105	3.39	0.15	0.127	4.7	0.18	1.87	481	117	263	29.2	121	24	5.67	2.34	16.4	13	2.8	7.51	0.979	5.06	0.824	14.7	6.22	1.31	0.29	0.1	15.2	3.07	648	4108	126770	2737	3460	1259	24903	2040	110150	130	17	1332	9.2482481	126.8698959
109	9.83683	6.20676	115	116	670	9.83683	6.20676	Granitic	Dark	"Flood plain, Forest vegetation, taken 513m from central point"	4.61	11.64	40.7	3.78	104	38	12.5	17.6	24.7	22.8	2.32	0.39	138	242	18.4	100	20.4	1.16	0.08	0.125	3.9	0.32	9.34	950	46.5	104	10.6	40.6	7.69	1.62	0.679	4.77	3.81	0.812	2.29	0.333	1.81	0.297	3.2	1.58	1.45	0.89	0.48	25.9	5.52	4570	6023	106386	797	27514	6556	5946	910	48895	71	34	667	9.702727318	180
110	9.87913	6.21106	116	117	786	9.87913	6.21106	Granitic	Dark	"Collected at the base of a slope, forest vegetation, coffee farm 20m away from sampling point"	4.35	10.16	17.9	1.58	122	35	8.28	17.8	43.8	26.4	1.7	0.52	42	54	9.42	141	27.4	1.92	0.04	0.058	4.5	0.36	4.39	210	43	128	8.82	32.5	5.75	1.15	0.434	3.14	2.42	0.494	1.34	0.189	1.16	0.186	4.21	1.9	1.22	0.4	0.3	27.3	6.62	386	1514	124180	680	6759	1511	7706	501	55053	65	34	1179	24.40713882	279.2933044
111	9.91802	6.21105	117	118	1112	9.91802	6.21105	Granitic	Dark	"Forest vegetation, closed to a river bank"	4.81	25.35	11	1.61	264	402	19.7	139	48.3	26.5	1.93	0.86	16	86	43.6	375	79.5	3.76	0.11	0.098	4.3	0.23	2.05	178	88	204	20.9	85.4	17.3	4.33	1.73	12	9.87	2.08	5.71	0.752	4.08	0.679	9.22	4.68	1.6	0.24	0.25	19.8	3.66	259	2136	121805	1519	2115	2219	18808	813	104165	48	20	852	17.33967781	219.7099152
112	9.95684	6.21107	118	119	1114	9.95684	6.21107	Granitic	Dark	Slope	4.71	14.22	58.8	1.98	139	90	14	47.2	41.1	31.1	1	0.79	78	114	42	60	28.5	3.45	0.05	0.032	6.2	0.23	8.42	438	108	256	28.4	115	21.8	3.98	1.81	13.3	10.1	2.01	5.52	0.748	4.22	0.651	2.16	2.18	3.48	0.6	0.77	35.3	10.9	512	4139	137210	836	11342	1044	7603	444	63678	70	40	977	38.33875656	229.1747742
113	9.99568	6.21104	119	120	1431	9.99568	6.21104	Granitic	Dark-brown	"Hill slope, abandoned farmland"	3.96	14.59	274	4.29	28	21	3.47	13.4	9.9	50	1.37	0.55	192	23	10.6	101	67.2	1.44	0.05	0.02	35.1	0.15	29	80	36.6	79.7	8.79	32.1	6.95	0.626	0.551	3.75	2.75	0.499	1.42	0.218	1.48	0.233	4.61	10.2	2.83	1.27	2.52	24.2	12.6	412	1357	155429	391	12362	585	2047	223	22165	61	41	1688	1.922734976	255.9637604
114	10.0345	6.21102	120	121	1602	10.0345	6.21102	Granitic	Dark-brown	"Hill slope, forest vegetation"	3.9	9.73	12.9	1.9	97	34	12	19.7	27.9	25.4	0.33	0.42	147	75	14.9	39	11.7	1.09	0.07	0.078	4.7	0.09	5.33	695	71.5	141	14.4	51.9	8.63	1.53	0.691	5.09	3.5	0.675	1.75	0.223	1.17	0.175	1.15	0.797	0.71	0.98	0.4	19.2	1.64	720	2336	110654	550	24687	891	4722	514	42473	71	27	950	26.59962463	359.5341797
115	10.07329	6.21105	121	122	644	10.07329	6.21105	Granitic	Dark	"Hill slope, grassland"	3.84	9.06	10	2.37	83	39	8.51	16.8	21	25.5	0.77	0.65	134	54	19.1	80	29.5	2.65	0.08	0.031	4.8	0.16	5.46	472	73.6	171	16.5	61.4	12	2.06	0.995	7.06	5.13	0.947	2.42	0.306	1.65	0.251	2.18	1.57	1.5	0.89	0.21	24.1	1.93	504	2199	108824	574	22358	459	6394	244	46125	58	29	630	20.16358566	86.18592834
116	10.11207	6.21108	122	123	1211	10.11207	6.21108	Granitic	Greyish	"Hill slope, grassland"	4.07	11.34	12	1.45	92	55	6.47	21.9	19.5	21.1	1.52	0.59	132	46	16.1	84	28.2	3.16	0.05	0.036	4	0.24	5.03	306	58.1	134	12.5	46.7	8.52	1.52	0.699	5.18	3.51	0.648	1.8	0.222	1.25	0.183	2.2	1.6	1.68	0.77	0.35	17.8	1.99	359	2647	91429	576	19178	1621	5684	296	39545	49	22	663	13.2165966	303.6900635
117	10.15102	6.21162	123	124	608	10.15102	6.21162	granitic	"DARK VERY FINE GRAIN SOIL, GRANITIC OUTCROPS ABOUT 200 METERS AWAY. SUB SOIL IS SANDY"	 	4.9	14.75	35.1	3.49	77	42	13.2	22	32.8	23.4	0.19	0.36	193	242	21.6	177	27	1.28	0.1	0.261	5.5	0.11	6.4	915	72.4	132	14.9	54	9.17	1.78	0.789	5.53	4.35	0.892	2.49	0.366	2.07	0.331	5.04	2.02	0.75	1.17	0.2	44.9	6.17	9402	7618	95357	1684	28367	8621	6175	1056	39818	115	33	603	9.294291496	174.2894135
118	10.19305	6.22004	124	125	665	10.19305	6.22004	No observable outcrop	Dark brown	 	5.35	14.48	20	2.34	123	69	24.7	34.9	42.7	23.6	1.07	0.6	151	275	17.6	158	30	3.88	0.11	0.18	3.9	0.13	3.66	1131	54.6	126	11.1	40.1	7.01	1.5	0.605	4.36	3.64	0.754	2.21	0.31	1.83	0.293	4.63	2.23	1.32	0.92	0.23	26.6	9.59	3625	4391	111750	1522	29606	7482	8947	1099	49841	80	40	672	8.569215775	321.5819397
119	10.2286	6.21107	125	126	766	10.2286	6.21107	granitic	DARK BROWN SOIL	 	4.25	10.31	11.2	1.53	102	55	12.8	25.5	25.9	25.9	0.51	0.63	131	190	19.6	162	29.5	1.81	0.06	0.055	4.1	0.09	3.3	982	121	246	22	76.2	11.6	2.55	0.85	6.2	4.36	0.887	2.28	0.31	1.7	0.293	4.46	1.87	0.79	0.82	0.26	36.7	4.13	1029	3038	124646	781	30458	1450	9596	494	48918	64	41	766	3.965817213	3.366459847
120	10.26608	6.20793	126	127	1130	10.26608	6.20793	granitic	"GRANITIC AND PEGMATITIC OUT CROPS NEARBY, DARK SOIL"	 	4.24	19.35	82.6	2.41	90	70	13.5	36.5	33.9	27.2	1.04	0.77	132	48	19.3	92	25.2	1.59	0.05	0.037	14.2	0.13	20.7	398	54.6	138	13	49.9	9.66	1.67	0.876	6.29	4.59	0.848	2.27	0.291	1.74	0.251	2.75	2.42	1.03	1.03	0.41	22.3	5.21	791	5501	123019	741	19598	1255	5381	567	50665	63	43	1121	24.46416664	353.3200989
121	9.84813	6.24735	127	128	626	9.84813	6.24735	granitic	MEDIUM TO FINE GRAINED REDDISH BROWN  SOIL WITH GRANITIC AND PEGMATITIC FLOODS	 	4.2	6.31	19.9	1.33	94	38	6	17.6	33.7	24.1	4.31	0.4	131	135	16.8	106	26.6	1.65	0.04	0.026	3.9	0.49	6.79	957	41.5	104	9.6	37.1	6.8	1.57	0.609	4.33	3.69	0.753	2.21	0.311	1.88	0.297	3.32	2.33	1.15	0.83	1.17	31.1	5.17	1498	1795	119462	285	37277	638	7206	345	49426	39	40	611	3.755988121	299.744873
122	9.87968	6.24601	128	129	987	9.87968	6.24601	granitic	"DARK GREY, MEDIUM TO FINE GRAIN SOIL AROUND GRANITIC OUTCROP"	 	4.28	7.28	27.1	1.77	35	15	4.07	8.73	32.7	28.3	0.77	0.36	167	67	19.8	48	16.7	1.43	0.04	0.02	3	0.21	7.13	625	78	147	15.3	53.9	8.66	1.49	0.756	5.4	4.12	0.802	2.25	0.295	1.8	0.273	1.56	1.15	0.88	0.94	0.44	25.6	4.01	1650	1948	147501	356	41448	1021	2507	297	23216	46	39	982	16.98147392	222.8389282
123	9.9257	6.25145	129	130	668	9.9257	6.25145	No observable outcrop	MEDIUM TO FINE GRAINED REDDISH BROWN SOIL	 	4.16	12.78	12.5	0.97	282	288	37.3	193	68.8	31	3.3	0.75	17	137	33.3	424	104	3.19	0.1	0.096	4	0.3	2.11	203	113	239	25.4	100	18.7	4.98	1.7	12.3	8.77	1.69	4.12	0.497	2.64	0.389	10.5	6.17	1.58	0.27	0.2	19.6	4.06	152	3488	137520	1427	1938	348	26407	1150	147098	94	20	663	3.03865242	32.47119141
124	9.95557	6.24879	130	131	632	9.95557	6.24879	No observable outcrop	REDDISH BROWN MEDIUM TO FINE GRAIN SOIL CLOSE TO RIVER COURSE	 	4.11	12.28	29.5	2.3	145	86	18.2	54.1	41.6	33.2	2.74	0.8	90	86	21.1	132	40	2.97	0.13	0.038	4.6	0.29	8.32	651	56.1	161	12.7	46.1	8.88	1.84	0.902	6.13	5.09	0.839	2.21	0.335	2.13	0.301	3.75	2.79	1.92	0.54	0.35	21.4	5.85	1105	2294	137809	949	18402	616	10201	771	68782	74	37	784	10.76314068	226.7357025
125	9.99543	6.24854	131	132	905	9.99543	6.24854	Granitic	Dark	"Valley, farmland (plantains)"	4.88	11.38	39.7	3.7	121	61	11.9	27.8	19.6	34.8	1.68	0.54	162	221	17	164	31.3	2.69	0.07	0.099	4.8	0.33	14.4	1270	78.2	161	16.1	56.1	9.22	2.02	0.731	5.7	4.04	0.667	1.72	0.243	1.59	0.23	4.73	2.63	4.17	0.8	0.61	32.6	9.69	2443	5676	141350	1286	30000	3129	8525	827	50727	85	46	948	16.48618889	7.907162189
126	10.03442	6.24895	132	133	627	10.03442	6.24895	No observable outcrop	Dark	"Base of a slope, farmland (palms, mango) from settlement. No visible outcrop"	4.39	8.87	47.6	2.97	82	38	7.47	17	29.9	28.6	2.01	0.69	154	94	23.7	156	70.1	4.37	0.06	0.033	5.3	0.31	7.43	466	81.7	174	17.8	63	11.1	1.93	1.04	7.69	5.51	0.912	2.27	0.306	1.9	0.262	4.04	4.92	1.55	0.77	0.15	32.8	5.6	845	2715	123440	859	21305	1614	8254	192	47153	55	35	630	8.420442581	148.4957275
127	10.07326	6.24884	133	134	1320	10.07326	6.24884	Granitic	Dark	"hill slope, farmland (palms)"	4.38	10.38	55.8	3.08	107	63	11.3	29.1	20.9	26.7	1.45	0.44	189	111	15.7	141	77	2.67	0.06	0.081	5.6	0.33	10.4	652	54.6	112	11.7	42.5	7.39	1.36	0.687	5.01	3.66	0.6	1.6	0.22	1.47	0.197	3.98	5.53	1.92	0.9	0.19	22.3	5.23	1245	3199	107487	768	27955	1815	11249	503	43483	76	33	819	31.60064316	193.3925018
128	10.11086	6.24766	134	135	922	10.11086	6.24766	"Granitic, schist"	Dark	"hill slope, farmland (okra, plantains, pineapple). Schist overlying granitic rocks"	5.55	15.81	25.3	5.59	100	26	15.2	14	35.7	32.3	0.98	0.42	214	241	23.7	93	17.7	1.06	0.06	0.102	5.1	0.16	7.4	1038	64.4	174	12.5	44.2	7.69	1.35	0.81	5.56	4.68	0.836	2.37	0.353	2.29	0.323	2.89	1.06	0.84	1.09	0.24	60.6	3.75	5118	6708	132543	661	33802	8310	4595	1092	42559	94	41	910	22.96588516	8.285796165
129	10.15221	6.24558	135	136	1292	10.15221	6.24558	Granitic	Dark-grey	"Hill, Grassland"	4.01	14.36	43.8	2.23	117	72	12.9	38.2	21.7	49.6	2.94	1.28	171	174	19.9	300	39.2	3.47	0.1	0.052	9	0.27	6.7	792	118	356	24.2	84.1	14	2.58	1.08	7.86	5.62	0.909	2.4	0.358	2.41	0.354	9.13	3.26	0.95	1.09	0.33	72.9	13.3	1164	4112	176287	1018	26849	611	9156	247	60244	81	71	1285	10.20227051	307.6476135
130	10.18932	6.24861	136	137	1014	10.18932	6.24861	granitic	Greyish	"Hill, Grassland"	4.01	13.46	42.3	2.39	113	69	12.6	37	15.2	46.7	2.98	1.16	160	161	19.4	264	36.7	3.22	0.1	0.056	8.4	0.22	6.25	736	114	351	23.5	81.3	13.7	2.5	1.02	7.74	5.54	0.875	2.35	0.34	2.31	0.341	7.9	3.09	0.92	1	0.3	68.1	12.5	1045	3892	172613	947	24257	430	8637	226	58060	79	68	1330	30.81630898	171.7592926
131	10.22418	6.25138	137	138	1350	10.22418	6.25138	No observable outcrop	"SWAMP, CLOSE TO SAND PIT GRANITIC TERRAIN"	 	4.53	25.47	28.1	2.97	161	99	27	56.2	25.8	35.1	3.7	1.43	73	71	26.2	315	64.1	3.1	0.13	0.143	5.2	0.26	4.61	341	58.7	198	15.9	60.7	12.1	2.8	1.24	8.48	6.93	1.18	3.14	0.458	2.99	0.421	8.25	4.13	1.42	0.51	0.31	23.8	5.55	861	4020	138518	1880	12172	1629	15386	938	88411	104	36	1342	0.989594042	45
132	10.26734	6.24862	138	139	1592	10.26734	6.24862	granitic	"CLOSE TO MOTORABLE EARTH ROAD, DARK SOIL, VERY GENTLE DLOPE, FINE TO MEDIUM GRAIN"	 	4.4	23.48	15.9	1.68	165	98	25.9	52.6	27.2	34.4	3.99	1.8	17	101	46.1	655	110	4.06	0.15	0.13	5.1	0.34	1.8	256	118	293	31.5	120	23.4	7	2.64	18.8	14.8	2.36	5.73	0.78	4.83	0.636	15.4	6.8	1.81	0.25	0.16	15.7	3.79	391	3196	144351	2273	2456	488	21285	971	141277	105	20	1600	11.92351055	70.8663559
133	9.84188	6.28199	139	141	585	9.84188	6.28199	No observable outcrop	MEDIUM TO FINE DARK GREY SOIL	 	4.83	8.04	38.9	2.01	57	24	5.39	14.3	12.4	35.9	1.98	0.42	227	186	11.4	98	17.6	1.17	0.05	0.032	4.5	0.21	12	1176	50.7	131	10	35.1	5.31	1.17	0.458	3.31	2.46	0.433	1.17	0.172	1.21	0.193	3.16	1.24	0.64	1.15	0.26	32.9	4.24	1929	2192	147856	628	50655	1842	4469	413	35626	56	56	573	23.57126617	292.49646
134	9.88032	6.28472	140	142	206	9.88032	6.28472	granitic	"GRANITIC AND PEGMATITIC OUT CROPS NEARBY,FINE TO MEDIUM GRAIN DARK SOIL"	 	5.51	10.29	41	1.79	53	23	5.32	13	39.4	29.3	3.04	0.45	164	270	17.2	85	23	1.78	0.03	0.055	4	0.35	8.43	950	42.7	126	9.46	36.1	6.95	1.32	0.671	4.8	3.79	0.671	1.85	0.289	1.91	0.282	2.71	2.01	0.81	0.88	0.35	24	4.8	1503	1828	137041	627	39922	3629	5025	381	36590	48	45	857	42.31629944	26.56505013
135	9.91979	6.28697	141	143	545	9.91979	6.28697	granitic	"BESIDE RIVER COURSE, MEDIUM TO FINE GRAINED SOIL"	 	5.28	12.15	18.4	3.41	177	184	63.7	129	42.4	32.3	4.25	0.71	80	60	28.9	254	133	5.38	0.09	0.212	5.6	0.27	2.87	474	91	258	18.8	65.7	11.4	2.53	1.21	8.66	6.7	1.09	2.76	0.366	2.29	0.306	6.11	8.23	1.91	0.55	0.12	15.1	3.49	1375	2637	117437	1430	12001	2226	16478	3220	105053	130	23	540	4.126754761	286.3895264
136	9.9504	6.29313	142	144	633	9.9504	6.29313	granitic	"GENTLE SLOPE, GRANITIC OUTCROP, MEDIUM TO FINE GRAINED DARK SOIL"	 	4.86	11.4	24.3	3.23	243	211	42	211	61.5	35.8	4.16	0.36	112	52	36.6	287	84.2	4.74	0.09	0.063	4.5	0.32	6.78	608	88.1	196	19.7	71.8	13.5	3.58	1.47	10.4	8.11	1.38	3.7	0.494	3.02	0.435	7.05	5.32	2.53	0.53	0.28	17.5	8.78	498	3404	146129	1522	12153	1503	20979	1346	123766	113	29	628	14.16812515	180
137	9.9955	6.28723	143	145	879	9.9955	6.28723	Pyroclastic material overlying granitic rocks	Dark to reddish-brown	"Top of a hill, Grazing land"	5.52	12.46	21	3.44	170	145	43.6	87.5	40.4	28.6	1.34	0.21	91	169	37.4	307	75.6	0.69	0.07	0.101	3.2	0.11	4.56	858	77.1	156	19.2	71.9	13.8	4.14	1.48	10.7	8.24	1.43	3.58	0.496	3.2	0.452	7.28	4.91	0.89	0.35	0.11	13.6	3.65	2261	14809	118858	2403	12445	3885	21552	1332	109256	115	14	871	6.060750008	212.4711914
138	10.03448	6.28688	144	146	577	10.03448	6.28688	Vesicular Basalts	Dark	"Valley, close to settlement"	5.32	14.31	30.5	3.58	158	119	36	91	40.8	28.7	2.43	0.52	168	110	31.1	154	47	2.37	0.06	0.081	5.3	0.23	6.46	674	87.4	183	20.1	74.3	13.3	2.75	1.32	9.63	7	1.14	2.81	0.376	2.22	0.31	3.9	3.19	1.17	0.92	0.27	28.8	7.79	1927	3949	113177	2040	21382	5280	12401	1592	80657	127	33	580	7.047952175	197.2414551
139	10.06843	6.28611	145	147	1026	10.06843	6.28611	Granitic	Dark-brown	"Slope of a hill, Forest/grazing land"	4.03	13.58	65.3	4.86	83	38	9.54	16.9	16.6	33	1.14	0.65	155	101	30.7	86	24.1	2.01	0.06	0.028	7	0.16	16.5	532	78.2	163	18.4	68.6	12.6	2.34	1.18	8.48	6.61	1.14	3.18	0.469	3.27	0.471	2.69	2.96	1.06	0.98	0.58	35.1	9.91	754	3059	132199	722	20853	463	4661	291	36512	64	47	1023	18.54464531	95.57219696
140	10.10573	6.28344	146	148	815	10.10573	6.28344	Granitic	Dark	"Steep slope, forest reserve. Sample taken 797m away from central point so as to be able to escape from a river and sample the bearing point"	4.66	10.76	37	3.88	93	31	16.5	15.2	38.1	26.7	0.7	0.38	238	184	25.4	67	15.8	0.74	0.06	0.165	4.4	0.09	7.03	850	51.2	112	10.9	41.4	7.88	1.27	0.882	5.96	5.23	0.935	2.55	0.347	2.16	0.285	2.1	0.955	1.34	1.03	0.18	20.7	2.44	12198	9890	106861	844	33199	10377	4837	1401	42669	101	30	819	26.29075241	94.25383759
141	10.15092	6.28687	147	149	1050	10.15092	6.28687	Granitic	Dark	Forest reserve	4.06	8.81	25.7	3.53	90	39	12.9	14.7	21.6	27	0.78	0.52	170	134	20.9	85	17.5	0.85	0.07	0.086	4.1	0.1	6.17	910	43.2	125	8.9	31.8	6.01	1.08	0.716	4.57	4.27	0.798	2.17	0.332	2.05	0.298	2.45	0.971	2.37	0.98	0.29	25	2.76	5460	5254	112019	527	34150	4490	5205	829	41644	77	32	1150	6.925774097	166.4295654
142	10.19527	6.28544	148	150	1227	10.19527	6.28544	granitic	"GRANITIC TERRAIN, DARK BROWN SOIL, FINE TO MEDIUM GRAIN"	 	4.74	14.88	26.8	2.81	102	57	15.4	28.6	38.3	29.9	1.21	0.73	140	139	15.9	120	18.5	1.75	0.03	0.072	5.5	0.14	5.24	885	72.8	228	15	51.9	8.66	1.63	0.719	5.22	3.82	0.665	1.76	0.253	1.61	0.235	3.35	1.29	1.23	0.74	0.23	31.1	4.92	1168	4578	123987	1063	27691	2253	6646	843	53933	91	38	1208	13.62896442	319.0856018
143	10.2286	6.28701	149	151	1449	10.2286	6.28701	granitic	"DARK BROWN FINE GRAINED SOIL , HILL SIDE SLOPE WITH BASALTIC FLOATES"	 	4.66	24.05	17.1	1.86	242	101	38.8	71.2	43.1	29.3	3.36	1.6	24	56	38	435	90.3	3.77	0.12	0.153	4	0.26	2.16	235	71.8	184	20.7	79.8	15.4	4.67	1.72	12.5	9.73	1.65	4.18	0.574	3.65	0.496	9.95	5.6	1.39	0.25	0.17	12.8	3.37	770	4312	113949	3265	3510	981	24496	1569	118127	129	17	1452	2.331610203	36.86989594
144	10.26727	6.28695	150	152	1567	10.26727	6.28695	granitic	"DARK BROWN SOIL , GENTLE SLOPE WITH BASALTIC FLOATES"	 	4.39	24.21	15	1.23	211	117	20.9	55.2	36.8	34	4.22	1.85	26	94	30.4	526	101	4.85	0.13	0.136	4.7	0.3	2.31	240	83.8	231	22.8	84.8	16.9	4.93	1.7	12.4	9.32	1.47	3.73	0.504	3.19	0.423	12.1	6.14	1.65	0.28	0.18	16.1	4.17	865	3135	130839	2858	3904	630	21038	833	127132	111	21	1578	5.304617405	232.1250153
145	10.07405	5.9084	151	0	1441	10.07405	5.9084	Granitic	Dark	"Slope, and grazing land, shrubs"	4.17	17.35	69.4	2.84	115	44	16.8	21.5	24.1	38.7	1.87	0.95	127	160	33.1	86	26	2.4	0.08	0.045	10.8	0.14	14	901	90.3	249	21.9	80	14.3	2.68	1.37	9.66	7.71	1.34	3.79	0.534	3.55	0.496	2.8	1.61	2.78	0.83	0.9	39.6	7.02	7107	10596	157669	744	21223	5513	7769	542	61925	102	38	1424	18.18106079	221.9872131
146	10.07489	5.90681	152	0	1442	10.07489	5.90681	granitic	Dark	"Slope of a hill, grazing land, shrubs"	4.11	17.57	51.4	1.4	96	39	14.9	23.5	39.4	38	1.39	0.85	116	71	18.6	102	20.8	1.85	0.06	0.024	8	0.26	9.76	714	59.6	171	15.7	58.4	11	2.17	0.926	6.98	5	0.844	2.23	0.314	2.05	0.3	3.18	1.2	3.61	0.71	0.89	31.1	4.19	2371	6257	157488	690	25021	1493	5727	375	54593	86	39	1444	20.50538063	345.5102234
147	10.07186	5.90479	153	0	1418	10.07186	5.90479	Granitic	Dark	"Gentle slope, shrubs, grazing land"	0	21.85	47.4	2.2	91	64	10.9	32.5	43.6	35.2	1.98	0.86	136	106	16.4	136	22.6	1.98	0.09	0.062	6.8	0.19	8.69	1019	48.3	128	12.3	45.4	8.36	1.74	0.771	5.63	4.27	0.683	1.81	0.246	1.61	0.231	3.94	1.49	2.45	0.64	0.5	27.5	4.19	4001	7332	149273	1123	29068	3440	6015	403	53379	81	40	1410	9.793372154	225
148	10.06849	5.9078	154	0	1429	10.06849	5.9078	Granitic	Dark-brown	"Grassfield with shrubs,"	4.35	17.65	29.4	1.71	118	59	14.2	30.1	31.3	36.7	1.57	0.74	76	54	19.9	134	28.3	2.08	0.06	0.019	8	0.13	6.17	606	63.8	173	15.9	56.4	10.7	2.13	0.99	7.01	5.69	0.96	2.59	0.38	2.49	0.338	3.93	1.84	4.49	0.49	0.57	21.8	4.43	885	3462	153227	1003	18152	848	9048	353	75847	68	46	1424	8.345309258	33.69006729
149	10.06932	5.91221	155	0	1352	10.06932	5.91221	Granitic	Dark	"Gentle slope, grazing land"	4	16.53	27.2	1.19	81	93	11.6	36.7	20.9	33	1.45	0.79	87	124	12.8	125	17.8	1.83	0.09	0.036	6.2	0.13	5.83	1167	80.1	212	18.1	64.5	10.3	2.28	0.702	5.51	3.76	0.592	1.55	0.22	1.57	0.224	3.63	1.43	1.43	0.53	0.62	21.9	3.27	1573	3822	148808	727	27561	913	5539	210	47096	47	47	1351	8.489635468	287.4471741
150	10.07395	6.17384	156	0	594	10.07395	6.17384	Granitic	Dark	"Farmland (Cocoyams, coffee, palms), close to settlement. Top of a hill"	4.2	8.45	23.2	3.83	53	31	10	15.3	18.5	27.8	0.48	0.41	177	79	18.5	44	13.8	1.1	0.07	0.041	3.2	0.08	7.16	780	72.2	153	15.9	59.8	9.77	1.95	0.796	6.51	4.07	0.686	1.72	0.242	1.41	0.199	1.36	0.87	0.54	0.91	0.15	38.8	2.95	6240	5250	116121	627	31408	3012	3945	423	36665	87	30	592	9.259612083	182.8624115
151	10.07544	6.17269	157	0	584	10.07544	6.17269	No observable outcrop	reddish	"Close to the road and settlement, farmland (palms, plantains), sample is gravelly"	5.54	8.33	18.9	2.8	92	50	16	21.1	22.8	25.7	1.37	0.39	170	206	18.4	118	40.9	2.06	0.05	0.072	5.7	0.27	4.77	1145	52.3	129	11.5	42.5	7.2	1.36	0.685	5	3.94	0.674	1.83	0.268	1.79	0.253	3.42	3.21	0.93	0.82	0.19	28.2	4.52	7111	5308	111701	1158	37898	5790	7244	533	48369	90	41	587	3.638349295	50.19442749
152	10.07312	6.16993	158	0	609	10.07312	6.16993	No observable outcrop	Dark	"Farmland (palms, potatoes), close to settlement. No outcrops"	5.03	10.32	29.4	3.4	101	71	17.9	42	32.9	25.3	0.46	0.35	173	299	24.9	80	44.1	1.36	0.04	0.039	4.7	0.12	7.06	1917	90.3	191	21.3	80.5	13.6	2.52	1.06	8.44	5.67	0.923	2.35	0.331	2.15	0.308	2.55	3.18	0.88	0.99	0.15	25.2	3.72	1434	7388	104467	996	29970	3078	6397	453	47860	83	34	612	3.311182499	309.2893982
153	10.06947	6.17257	159	0	656	10.06947	6.17257	No observable outcrop	Dark	"Steep slope, Farmland (palms, cassava), grassfield"	5.74	11.04	21	5.65	75	34	12.7	17.6	31	29.8	0.45	0.34	210	160	35.4	119	88.6	2.01	0.05	0.078	8.6	1.85	5.69	771	95	213	20.2	75	13.4	1.69	1.36	9.59	7.63	1.3	3.49	0.459	2.85	0.378	3.57	5.49	1.03	0.96	0.16	27.7	3.05	3156	7481	108044	639	31264	6294	5308	684	42692	129	39	658	27.4601078	220.5526123
154	10.0706	6.17647	160	0	606	10.0706	6.17647	Granitic	Dark-brown	"Slope, farmland (palms, cocoyams, banana), sample collected 49m away due to inaccessibility"	5.98	7.55	26.2	6.72	108	45	21	26.7	27.9	29.7	0.87	0.29	195	242	34.6	52	22.2	1.22	0.05	0.065	5.3	0.12	7.86	1147	88.8	174	19.9	75.4	13.5	2.32	1.26	9.3	7.19	1.25	3.4	0.477	3.07	0.431	1.58	1.29	0.72	0.95	0.19	26.6	2.89	10760	11819	114998	843	33188	9722	6302	1001	54635	112	29	628	23.57584953	75.96375275
155	10.23039	6.21038	162	0	769	10.23039	6.21038	granitic	SANDY REDDISH BROWN SOIL	 	4.41	8.06	8.7	1.98	64	29	7.23	13.6	19.1	29.2	0.55	0.34	206	259	19.6	136	18.4	1.18	0.05	0.042	4	0.19	3.21	1829	134	226	25.2	86.4	12.1	2.45	0.781	6.63	4.1	0.679	1.76	0.264	1.65	0.239	4.04	1.38	0.6	0.97	0.27	42.3	5.56	2263	3374	135748	629	56719	1599	5445	210	35822	79	63	767	5.815930843	357.7093811
156	10.2271	6.20891	163	0	755	10.2271	6.20891	granitic	REDDISH BROWN MEDIUM TO FINE SANDY SOIL WITH GRANITIC FLOATS	 	4.06	6.69	13.8	2.26	114	62	16.9	40.3	41	30.9	0.75	0.57	144	177	37.4	164	27.8	4.42	0.07	0.038	6.4	0.11	4.36	1299	105	229	22.9	83.9	14.9	2.54	1.37	9.77	7.99	1.33	3.73	0.55	3.45	0.495	4.65	2.31	1.35	0.9	0.72	39.4	6.33	1197	4060	135151	542	36862	460	9351	381	62785	77	39	746	9.428819656	168.6900635
157	10.22456	6.21261	164	0	732	10.22456	6.21261	granitic	"200m FROM RIVER, VERY GENTLE SLOPE, REDDISH BROWN AND MILDLY SANDY SOIL"	 	4.07	11.35	19	3.01	150	76	17	42.2	25.2	32.5	1.62	0.77	91	98	30.1	163	35.8	2.72	0.07	0.057	6.2	0.16	4.68	637	87.9	241	19.6	72	12.4	2.5	1.16	8.35	6.7	1.14	3.05	0.428	2.84	0.397	4.42	2.82	1.1	0.66	0.35	37.3	5.39	808	3479	132609	801	18911	898	11189	507	71902	73	35	716	6.199685574	257.0053711
158	10.22696	6.21643	165	0	756	10.22696	6.21643	granitic	REDDISH BROWN SOIL	 	4.33	9.79	10.4	1.49	91	41	10.7	22.5	25.5	29.8	1.05	0.56	156	140	21.9	131	20.5	1.58	0.05	0.042	6.2	0.1	3.54	829	73.7	155	15	52.4	8.71	1.42	0.83	5.86	4.78	0.84	2.3	0.343	2.2	0.306	4.03	1.36	0.72	0.8	0.27	42.7	5.5	1164	2577	125108	646	34116	1067	5561	335	42590	64	39	746	13.73390484	240.0183563
159	9.88105	6.2466	166	0	1062	9.88105	6.2466	granitic	"CLOSE TO RIVER COURSE ON A VERY STEEP SLOPE, DARK GREY, MEDIUM TO FINE GRAIN SOIL BESIDE GRANITIC OUTCROP"	 	5.04	13.16	35.7	4.24	41	21	7.42	12.5	19.4	27.9	1.24	0.47	175	110	20.8	57	17.1	1.23	0.06	0.083	3.1	0.18	5.88	771	51.4	126	11.2	42.4	7.91	1.22	0.802	5.44	4.54	0.805	2.23	0.341	2.25	0.302	2.05	1.36	0.75	0.79	0.33	24.3	4.54	6482	3221	135661	750	39048	4562	2885	982	26944	70	36	1061	27.5669384	218.0317383
160	9.88198	6.24467	167	0	1042	9.88198	6.24467	granitic	MEDIUM TO COARSE GRAIN REDDISH BROWN SOIL SURROUNDED BY GRANITIC OUTCROPS ON A SLOPE	 	4.01	8.91	24.1	2.78	65	49	9.71	26.9	36.4	31.8	1.82	0.79	150	48	20.2	70	18.5	2.79	0.04	0.022	2.8	0.27	5.95	449	59.3	154	14.5	54.2	9.92	1.61	0.856	6.34	4.66	0.831	2.23	0.368	2.57	0.351	2.21	1.38	0.73	0.81	0.31	22.6	4.19	1328	1875	156397	354	32268	532	3994	188	36619	49	33	1027	22.79958916	278.914917
161	9.88057	6.24134	168	0	939	9.88057	6.24134	granitic	"CLOSE TO RIVER COURSE ON A VERY STEEP SLOPE, DARK GREY, MEDIUM TO FINE GRAIN SOIL BESIDE GRANITIC OUTCROP"	 	5.04	8.09	24.2	2.43	127	32	11.6	19.2	43.9	32.5	7.06	0.42	77	89	21.7	61	38.7	3.13	0.03	0.031	3.8	1.12	6.92	450	43.5	95.7	10.2	37.9	6.84	1.61	0.733	5.06	4.46	0.821	2.32	0.357	2.48	0.358	2.31	4.32	5.24	0.49	1.34	23	11.3	729	1623	152346	919	15226	2734	9376	377	69489	68	32	931	9.529043198	230.9061432
162	9.87642	6.24318	169	0	912	9.87642	6.24318	granitic	MEDIUM TO FINE DARK GREY SOIL AROUND GRANITIC FLOODS	 	4.79	10.9	24.2	1.4	116	53	27	30.3	46.3	28.4	3.2	0.58	112	100	14.5	86	26.9	1.88	0.07	0.075	3.8	0.31	7.67	622	36.3	104	7.85	28	5.16	1.17	0.542	3.79	3.19	0.574	1.61	0.226	1.57	0.206	2.49	1.84	1.86	0.7	0.33	23.4	5.42	1193	2352	124769	934	22878	2905	8245	1160	54901	82	36	902	8.842311859	222.8789063
163	9.87612	6.24607	170	0	985	9.87612	6.24607	granitic	"MEDIUM TO FINE REDDISH BROWN SOIL, GRANITIC FLOODS"	 	5.16	11.39	80.5	3.46	111	33	21.1	26.5	28	33.8	6.49	0.58	111	140	29.1	65	20.9	1.97	0.08	0.036	3.5	0.6	6.98	779	77.7	170	17.9	64.8	11.4	2.67	1.07	7.89	6.11	1.07	2.85	0.409	2.7	0.386	1.96	1.33	1.3	0.62	0.38	24.1	6.62	1960	5152	158598	673	20191	4315	7589	989	60910	91	32	987	31.39654732	166.8907928
164	10.1064	6.28413	171	0	805	10.1064	6.28413	Granitic	Dark	"Stream banks, forest reserve"	4.14	10.1	27.3	2.39	75	38	11.6	19.2	23.7	24.9	1.02	0.5	184	117	13	106	18.8	1.18	0.1	0.12	4	0.12	6.53	890	34.4	88.9	6.71	24.5	4.4	0.816	0.487	3.28	2.95	0.522	1.46	0.219	1.49	0.195	3.25	1.37	0.94	0.92	0.19	28.2	4.31	3087	4638	107691	828	38710	2665	4646	730	34787	68	34	802	4.585434914	293.9624939
165	10.10739	6.2826	172	0	869	10.10739	6.2826	Granitic	Dark	"Steep slope, forest reserve."	4.06	8.75	26.4	3.94	89	37	12.7	14	22.4	26.4	0.8	0.45	172	136	21.6	87	17.8	0.84	0.08	0.088	4.2	0.1	6.15	951	43.3	123	8.83	33.1	6.11	1.07	0.705	4.64	4.3	0.79	2.16	0.323	2.13	0.286	2.56	0.991	2.4	1.01	0.31	23.7	2.76	5537	5103	111027	520	36245	4637	5259	828	40586	76	33	841	25.38019371	230.5722046
166	10.10513	6.27996	173	0	844	10.10513	6.27996	No observable outcrop	Dark	"Steep slope, abandoned farmland (Banana), no visible outcrop"	5.05	10.42	25.5	4.49	94	29	13.4	12.2	21	30.9	0.73	0.31	198	168	37.6	59	16.6	0.87	0.05	0.071	5.5	0.14	7.32	945	80.6	165	17.1	63.8	11.4	1.98	1.24	8.45	7.36	1.37	3.69	0.52	3.41	0.459	1.88	0.916	1.37	1.04	0.37	30	2.95	8522	7225	131694	929	33780	6513	4950	816	46399	99	38	842	17.89620209	228.0664825
167	10.10185	6.28309	174	0	962	10.10185	6.28309	Granitic	Dark	"Steep slope, Farmland"	5.32	16.09	47	4.02	86	54	20.9	31.2	32.1	31.1	0.99	0.47	218	201	24.9	99	20.2	1.28	0.11	0.128	4.5	0.14	13.1	1210	98.9	216	18.6	66.9	10.5	2	0.917	7	5.06	0.857	2.24	0.316	2.01	0.275	3.18	1.62	1.08	1.16	0.28	39.3	9.2	2052	6524	120729	1088	33271	6917	6052	1168	43862	96	45	964	35.91905594	171.5966339
168	10.10134	6.28753	175	0	1016	10.10134	6.28753	Granitic	Dark	"Steep slope, forest vegetation"	4.18	11.98	39.9	2.7	86	45	13.6	22.9	22.2	38.2	0.9	0.58	157	121	35.3	89	15.1	1.22	0.05	0.033	5.4	0.13	6.2	912	118	239	26.1	97.3	16.5	2.92	1.38	10.7	7.56	1.3	3.4	0.474	2.96	0.397	2.71	1.04	1	1	0.19	41.9	4.04	1494	6113	142595	591	30031	1316	4927	365	44364	79	44	1007	18.74687958	59.74356079
169	9.84095	5.94668	176	0	1477	9.84095	5.94668	Granitic	Dark-brown	"Hill slope, abandoned farmland"	0	20.55	36.1	2.03	132	73	12.9	39.3	33	45.2	4.76	0.93	89	79	17.3	243	33.4	5.9	0.08	0.078	7.7	0.4	8.98	320	103	327	22.3	71.9	11.5	2.18	0.845	6.52	4.65	0.758	2	0.289	1.96	0.265	7.04	2.57	1.84	0.58	0.5	55.1	13.1	463	4771	168247	1458	10199	693	7634	490	60635	92	74	1473	20.09188461	244.2900543
170	9.84218	5.94537	177	0	1469	9.84218	5.94537	Granitic	Dark	"Grassland closed to grazing field, sample collected at the summit of a hill"	4.76	20.22	32.6	1.57	134	74	10.3	38.8	41.6	43.3	4.69	0.91	94	96	12.8	246	32.9	6.87	0.08	0.075	7.2	0.38	8.5	445	93.9	276	18.1	56.5	9.05	1.66	0.652	4.93	3.53	0.562	1.59	0.238	1.64	0.262	7.06	2.56	2.24	0.52	0.53	49.5	10.9	603	4320	156637	1697	12575	1213	7846	521	61662	88	69	1460	21.49106216	251.9395294
171	9.8404	5.94226	178	0	1228	9.8404	5.94226	Granitic	Black	"slope of a hill, closed to the base"	4.61	28.74	49	2.04	100	51	12.4	25.9	20.7	29.2	2.6	1.53	95	129	23.5	103	18.1	3.21	0.09	0.204	5.1	0.2	9.29	545	54.3	156	13.6	51.5	10	1.78	0.946	6.84	5.4	0.924	2.72	0.355	2.43	0.313	2.94	1.34	1.4	0.59	0.38	28.1	8.31	4869	7780	102975	907	15350	4585	4939	491	45665	78	35	1227	28.13073158	233.0428925
172	9.83641	5.94276	179	0	1195	9.83641	5.94276	granitic	Dark-brown	"Hill slope, farmland (cassava, beans, maize, potatoes)"	4.37	16.2	64.9	1.86	143	63	16.1	34.4	16.8	49.8	4.3	1.58	169	149	25.2	174	33.3	3.33	0.09	0.076	9.3	0.43	16	949	104	377	24.7	88.3	16.2	3.04	1.21	9.36	6.62	1.11	3.11	0.462	3.08	0.439	5.25	2.84	2.55	1.03	0.6	56.3	12.3	1706	7462	181319	753	27514	1147	7762	482	63967	105	65	1193	30.48400879	264.4470215
173	10.19047	6.0222	180	0	0	10.19047	6.0222	Granites	Dark	"Grazing land, found on a slope"	4.87	17.04	28.4	1.79	137	95	14.3	47.2	34.3	38.2	2.2	0.91	64	51	15.5	202	35.9	3.44	0.05	0.042	7.7	0.19	4.83	296	91.3	254	19.5	65.7	11.2	2.09	0.845	6.57	4.58	0.733	1.89	0.271	1.81	0.257	5.48	2.54	1.36	0.4	0.38	35.1	6.28	437	2394	150200	1388	10393	1380	9564	423	74388	62	46	1271	6.565945625	351.8699036
174	10.19216	6.02151	181	0	0	10.19216	6.02151	Granites	Dark	"Grazing land, found on a slope"	4.26	14.81	72	3.5	118	96	19.7	52.9	36.5	36.6	1.55	0.81	137	60	24.2	145	32.1	2.1	0.06	0.046	8.2	0.15	9.39	543	82.8	191	18.9	66.6	11.8	2.4	1.1	7.98	5.84	0.976	2.56	0.372	2.27	0.323	4.04	2.38	1.73	0.88	0.66	25.4	7.64	889	4467	142580	920	19000	852	8514	565	63503	73	43	1245	11.07600021	136.6846771
175	10.18969	6.01894	182	0	0	10.18969	6.01894	Granites	Dark	"Grazing land, found on a slope"	4.03	12.45	45	2.62	69	47	8.64	26.4	22.1	49.1	2.14	0.76	92	27	12	179	39.4	2.28	0.09	0.032	14.8	0.18	6.03	125	66.4	183	14.5	47.1	8.79	1.38	0.764	5.63	3.77	0.551	1.33	0.187	1.21	0.18	5.37	3.13	1.69	0.63	0.7	28.9	9.22	492	1349	177997	589	10872	286	5704	136	46123	54	67	1266	8.645410538	74.47589111
176	10.18651	6.02212	183	0	0	10.18651	6.02212	Granites	Redish brown	"Grazing land, found on a slope"	4.16	10.6	43.6	3.47	91	53	16.6	32.6	25.8	37.6	1.26	0.65	141	59	25.6	109	32.2	1.68	0.05	0.022	10	0.09	7.95	363	66.6	140	16	57.5	11.3	2.66	1.2	8.65	6.52	1.09	2.76	0.393	2.56	0.355	3.37	2.54	1.33	0.93	0.68	15.5	8.88	1031	2199	145917	728	24540	436	10197	396	61302	68	51	1278	3.244110823	111.0375137
177	10.18632	6.02663	184	0	0	10.18632	6.02663	Granites	Dark	"Grazing land, found on a slope"	4.25	17.39	37.1	1.86	121	80	13.4	42.4	27.6	36	2.21	1.04	67	47	19.3	175	33.2	2.63	0.07	0.057	8.4	0.21	6.77	319	75.5	197	17.5	60	10.7	2.24	0.948	6.89	5.23	0.876	2.26	0.342	2.31	0.322	4.75	2.45	1.28	0.52	0.51	24.3	6.23	461	2157	143114	1018	10374	496	7946	427	64233	57	44	1239	4.890103817	357.2736816
178	9.99637	6.06009	185	0	1290	9.99637	6.06009	Granitic	Dark	"Slope, farmland (palms, fruit trees, cassava)"	4.32	11.79	38.2	2.22	70	34	9.82	19.9	15.2	34.4	0.99	0.48	208	214	21.1	160	26	2.35	0.04	0.033	5.8	0.16	8.85	1351	124	236	25.2	84.4	13	2.48	0.949	7.47	4.79	0.82	2.15	0.304	1.95	0.273	4.3	2.4	2.9	1.03	0.29	62.1	9.77	2641	3790	133646	653	45097	1208	5947	308	35580	64	55	1290	15.25395489	127.7249985
179	9.99757	6.05872	186	0	1266	9.99757	6.05872	Granitic	Dark	"farmland (cocoyams, palms, plantains cultivated), collected in a small valley"	4.43	17.38	25.8	1.43	105	57	12	33.4	34.8	34.9	2.27	0.73	109	111	15	168	36.5	2.83	0.05	0.08	5.5	0.2	7.68	599	73.2	192	15.5	53.2	8.82	1.74	0.73	5.39	3.88	0.638	1.65	0.249	1.62	0.222	4.6	2.93	2.99	0.62	0.52	48.7	11.7	1167	2444	138224	1237	18831	2027	7588	445	50633	58	53	1266	6.574567795	137.8624115
180	9.99529	6.05594	187	0	1333	9.99529	6.05594	Granitic	Dark	"Grazing land, hill slope"	4.1	11.5	37.4	2.11	53	22	8.6	12.4	12.1	34.2	1.09	0.47	202	131	17.6	150	25.2	1.88	0.03	0.029	4.5	0.11	10.5	864	77.1	161	16.9	59.5	10.3	2.01	0.843	6.2	4.54	0.741	1.97	0.298	1.97	0.266	4.47	2.38	1.94	1.07	0.31	54.9	13.8	2307	2517	135946	537	42497	692	4168	198	29419	48	60	1317	10.92625046	55.30484772
181	9.99122	6.05787	188	0	1408	9.99122	6.05787	Granitic	Dark-brown	"Grazing land with shrubs, slope"	4.04	12.23	36.5	2.12	66	31	10.1	19.3	20.3	34.4	0.95	0.52	197	193	19.4	174	27.3	2.29	0.05	0.039	5.9	0.17	8.77	1185	111	248	22.7	77.7	12.6	2.32	0.93	7.13	4.78	0.789	2.05	0.305	1.87	0.275	4.96	2.55	2.51	1.06	0.43	65.2	13.9	2327	2864	130005	598	40822	736	5738	180	33651	61	63	1409	16.23899841	97.22431946
182	9.99193	6.06235	189	0	1371	9.99193	6.06235	Granitic	Dark-brown	"Grazing land with shrubs, small valley closed to a river"	4.57	12.06	51.3	2.91	91	51	15.5	28.5	22.7	34.3	1.19	0.56	221	261	22.7	195	29.9	2.36	0.06	0.042	6.4	0.14	12.1	1428	112	268	23.9	83.5	13.5	2.62	1.01	7.96	5.26	0.859	2.21	0.318	2.21	0.304	5.54	2.63	1.26	1.07	0.24	56.2	11.9	2659	6506	128028	1108	41272	2149	7672	542	42910	109	55	1382	13.46282101	107.8188858
183	9.80218	6.09801	190	0	1372	9.80218	6.09801	Granitic	Dark-brown	"Abandoned farmland (banana), gentle slope"	4.53	14.44	54.2	1.97	139	50	23.8	31.1	28.1	36.1	1.52	0.64	114	74	27	90	25.2	2.33	0.04	0.055	4.9	0.17	7.85	647	74.7	168	17.4	63.1	11.5	2.54	1.12	8.05	6.39	1.12	3.03	0.449	2.84	0.388	2.7	1.62	1.26	0.67	0.28	26.5	4.52	746	6333	155098	1038	16946	1500	8321	822	67827	114	40	1364	8.981520653	145.4914703
184	9.8034	6.09668	191	0	1348	9.8034	6.09668	No observable outcrop	Dark	"Farmland (maize), swampy area, no exposed outcrop was observed"	4.39	12.08	54.3	4.37	124	50	18.7	24.8	25.5	34.2	1.02	0.59	143	121	37.7	169	30.9	2.62	0.07	0.091	5.8	0.15	9.97	891	79.5	183	18.5	67.1	12.3	2.6	1.29	9.12	7.76	1.44	4.05	0.598	4.14	0.579	5.1	2.32	1.91	0.89	0.43	39.5	7.21	4132	6925	138920	1224	26051	3532	7504	838	59043	106	40	1342	2.330698729	270
185	9.80095	6.0941	192	0	1332	9.80095	6.0941	granitic	Dark	"Plain, Farmland (cocoyams, cassava, potato), close to a stream"	4.14	21.59	31.7	2.17	92	52	11.5	26.5	19.9	29.5	1.71	0.94	113	73	19	122	27.8	2.1	0.07	0.087	4.9	0.19	8.85	561	42.3	135	10.2	37.6	7.53	1.45	0.801	5.41	4.75	0.848	2.37	0.362	2.51	0.333	3.58	2.17	1.69	0.65	0.38	26.8	5.33	1766	4310	116850	1303	20516	1215	5650	877	48351	78	39	1337	7.261106968	296.5650635
186	9.79719	6.09553	193	0	1421	9.79719	6.09553	Granitic	Reddish brown	"Steep slope, forest vegetation"	4.35	12.42	42.7	1.9	101	44	15.4	33.8	34.7	35.7	1.39	0.71	131	60	37.9	101	29.9	1.64	0.04	0.05	7.4	0.13	8.84	456	56.9	176	13.5	50.9	11	1.93	1.32	8.6	8.22	1.52	4.33	0.64	4.33	0.602	3.31	2.39	10.4	0.83	0.42	37.8	6.04	904	4931	147234	597	22232	1520	5960	756	55575	77	44	1397	21.62589836	250.8209991
187	9.79701	6.10103	194	0	1478	9.79701	6.10103	Granitic	Dark-brown	"Top of a hill, Grazing land"	4.2	15.38	31.9	2.84	92	50	8.08	24.8	20.5	37.1	2.03	1.06	126	87	15.8	139	34.7	2.57	0.05	0.044	6.7	0.23	10.4	495	62.3	157	13.3	46.8	8.78	1.56	0.856	5.9	4.82	0.749	2.03	0.284	1.97	0.261	4.17	3.14	1.56	0.74	0.49	38.3	6.87	908	4001	147015	754	21298	815	6160	450	51155	71	51	1468	8.2144804	130.4260864
188	10.15049	6.13364	195	0	980	10.15049	6.13364	Gneiss	dark	"Steep slope, forest vegetation,"	4.92	8.2	20.5	2.93	89	58	14.5	26.3	27.2	29.9	0.7	0.49	169	134	18.7	153	19.8	1.23	0.05	0.049	6.3	0.12	5.27	1110	57.6	172	11.1	39.1	6.83	1.26	0.692	4.93	4.12	0.697	1.87	0.274	1.75	0.25	4.31	1.2	1.03	0.92	0.2	29.4	4.47	1979	4963	117917	643	36465	3167	6442	808	45307	76	35	975	15.94984531	243.799881
189	10.15167	6.13228	196	0	1031	10.15167	6.13228	No observable outcrop	Dark-brown	"Grassfield with shrubs, gentle slope"	4.13	7.76	16.9	3.31	94	68	10.4	25.1	20.3	31.9	1.23	0.62	137	145	23	88	17.1	1.35	0.07	0.014	6.9	0.09	6.96	1225	89	230	17.8	62.7	10.1	1.86	0.921	6.74	5.17	0.898	2.41	0.325	2.09	0.263	2.55	1	0.99	0.85	0.21	28.4	3.11	1258	4049	132487	467	33733	822	5872	247	50353	61	37	1024	17.38957787	207.8972778
190	10.15014	6.12899	197	0	999	10.15014	6.12899	Granitic	Dark-brown	Forest vegetation	4.48	9.03	41.3	2.53	98	80	16.8	33.4	21	33.1	0.87	0.56	166	157	27.4	82	19.2	1.34	0.04	0.048	7.7	0.09	8.31	1345	89.1	227	18.5	66.6	11.8	2.06	1.07	7.8	6	1.05	2.87	0.396	2.56	0.358	2.53	1.26	1.07	0.99	0.23	25.4	3.79	1466	6092	130585	686	31426	1813	6485	573	50485	90	39	1003	24.39135361	348.0848389
191	10.14622	6.1309	198	0	905	10.14622	6.1309	Gneiss	Dark	"Slope, forest land"	4.1	6.21	14.9	3.46	88	31	11.5	15.5	33.8	32.3	0.4	0.46	164	97	32.6	78	16.2	0.92	0.05	0.016	6.7	0.09	5.47	940	78.2	174	17.8	66.5	12.3	2.18	1.26	8.69	7.07	1.26	3.4	0.486	3.1	0.412	2.36	1	0.57	0.92	0.18	27.4	4.7	1894	3774	131371	427	35458	931	5168	384	45600	81	37	898	13.10670948	216.4692383
192	10.1447	6.13516	199	0	898	10.1447	6.13516	No observable outcrop	Dark-brown	"Grassfield, steep slope"	4.11	7.73	13.7	1.95	92	52	9.68	22.1	19.8	29.5	1	0.69	133	194	12.1	100	20.6	1.49	0.08	0.025	6.2	0.14	4.73	1382	59.1	108	10.4	35	5.74	1.12	0.528	3.9	3.12	0.512	1.33	0.197	1.24	0.171	2.91	1.2	2.08	0.79	0.18	20.7	3.14	1612	2784	120243	570	38699	1162	7080	381	44408	55	40	906	9.930400848	178.6677856
193	10.034455	5.983722	0	39	0	10.034455	5.983722	 	 	 	4.28	20.11	14.5	1.86	200	97	26.9	56.2	30.3	36.2	1.77	1.01	16	98	71.8	730	171	3.22	0.13	0.143	7.4	0.27	1.46	169	129	412	31.3	122	23.5	4.57	2.69	19	16.1	2.9	8.12	1.12	7.24	1.049	17.9	10.1	1.99	0.2	0.12	19.8	4.33	724	2018	126642	2049	2424	964	20789	938	102953	112	23	1229	10.05273914	121.8659744
194	10.26732	6.13528	0	102	1324	10.26732	6.13528	 	 	 	4.22	17.09	17.2	3.56	131	73	19.4	50.5	21.2	39.1	4.34	1.29	37	27	83.4	954	153	7.43	0.21	0.201	7.2	0.38	2.31	147	163	486	38.3	150	29.1	3.44	3.19	21.4	17.9	3.43	9.49	1.26	7.81	1.16	22.2	8.84	3.53	0.46	0.15	30.1	5.78	594	2930	123846	1246	3295	466	12234	1403	77780	119	29	1331	22.26392555	197.3540192
